1 64 3
7 291 3
8 337 3
13 473 3
14 501 3
15 561 3
16 619 3
21 794 3
24 858 3
29 1029 3
31 1115 3
32 1140 3
36 1261 3
37 1268 3
38 1334 3
43 1527 3
45 1586 3
46 1653 3
47 1671 3
49 1720 3
50 1771 3
54 1859 3
67 2253 3
68 2295 3
72 2441 3
75 2519 3
79 2627 3
81 2703 3
92 3049 3
97 3205 3
98 3230 3
102 3387 3
108 3588 3
113 3737 3
114 3754 3
116 3829 3
117 3839 3
123 3989 3
124 4048 3
125 4072 3
129 4166 3
136 4368 3
138 3192 3
139 4445 3
143 2120 3
150 4833 3
151 4874 3
155 5000 3
159 5108 3
164 5225 3
165 5303 3
166 5346 3
167 5369 3
168 5397 3
173 5526 3
177 5660 3
178 1562 3
179 5694 3
183 2203 3
187 4948 3
188 6005 3
189 4293 3
193 6136 3
198 6265 3
208 6565 3
210 6618 3
211 6652 3
215 6749 3
220 6896 3
222 6939 3
236 2748 3
238 7354 3
240 7416 3
246 358 3
252 7713 3
253 7739 3
257 7840 3
258 4290 3
259 1882 3
261 7935 3
263 1065 3
264 6489 3
265 8017 3
267 8054 3
269 8097 3
272 8198 3
273 8238 3
278 8356 3
280 8425 3
282 8470 3
286 7496 3
287 1953 3
296 4311 3
299 8950 3
300 8957 3
301 8989 3
302 1854 3
303 9039 3
306 9096 3
308 9157 3
315 9315 3
320 9432 3
324 2163 3
329 9632 3
335 8413 3
338 9852 3
339 4870 3
340 9930 3
342 9991 3
346 7395 3
347 10099 3
354 8440 3
359 10361 3
363 10448 3
365 5594 3
372 2277 3
378 10776 3
380 1253 3
382 10845 3
384 5668 3
385 10902 3
386 10939 3
387 7696 3
388 5227 3
389 3227 3
391 5679 3
392 1922 3
393 11106 3
397 11183 3
402 1783 3
403 3245 3
406 9159 3
409 11479 3
415 10941 3
417 381 3
420 446 3
422 11727 3
425 9361 3
427 11809 3
431 5118 3
432 4657 3
434 9882 3
435 11974 3
443 3178 3
445 12147 3
447 12211 3
448 12222 3
449 3693 3
456 12389 3
458 12440 3
465 12541 3
476 12783 3
478 6116 3
479 4091 3
480 12858 3
481 3890 3
482 3491 3
486 12985 3
487 12097 3
489 2828 3
490 13035 3
491 4402 3
492 7368 3
493 6712 3
496 13167 3
501 5051 3
502 13293 3
503 931 3
514 13529 3
515 5102 3
517 13560 3
523 13656 3
534 13859 3
540 4599 3
541 14012 3
545 965 3
546 14098 3
549 14152 3
550 14193 3
552 11319 3
556 8193 3
558 14306 3
563 14415 3
565 14446 3
569 14540 3
571 14577 3
572 14608 3
575 14658 3
578 7150 3
581 410 3
586 9857 3
587 4611 3
588 14193 3
590 14029 3
594 2335 3
598 10542 3
600 12120 3
608 15141 3
610 15170 3
615 3215 3
616 15268 3
617 15289 3
622 8568 3
623 12457 3
624 8346 3
625 15398 3
628 15448 3
629 1948 3
630 15481 3
633 15554 3
635 15593 3
637 15618 3
641 15677 3
642 15297 3
643 3042 3
644 10914 3
645 15732 3
647 13077 3
649 13953 3
653 15859 3
654 15867 3
657 15897 3
659 15920 3
661 14889 3
663 5105 3
664 3781 3
667 6089 3
668 16016 3
669 16026 3
677 6750 3
680 16200 3
684 5952 3
685 16272 3
687 16305 3
689 16337 3
692 16365 3
696 16435 3
697 13874 3
700 2130 3
705 14162 3
706 8058 3
707 16574 3
715 3197 3
717 12066 3
720 1783 3
722 16791 3
727 14886 3
730 16915 3
734 8969 3
735 1592 3
737 17017 3
739 17057 3
745 1896 3
746 17145 3
751 5600 3
752 17233 3
758 17319 3
759 17328 3
761 1007 3
766 10981 3
768 17430 3
770 2539 3
771 17468 3
772 15019 3
775 6982 3
779 17580 3
781 17607 3
783 16568 3
790 17213 3
792 5280 3
793 17794 3
794 12635 3
799 16710 3
801 13541 3
802 17913 3
807 4524 3
812 18058 3
813 10535 3
815 18084 3
819 18133 3
820 18152 3
821 229 3
823 8726 3
826 18200 3
827 1745 3
829 11842 3
830 15763 3
831 18285 3
833 14077 3
836 3664 3
842 12745 3
849 16297 3
851 18533 3
852 18551 3
854 18577 3
857 11609 3
858 3330 3
859 12220 3
861 9404 3
862 5368 3
864 4932 3
865 18699 3
866 17873 3
867 11104 3
872 18804 3
876 18857 3
878 18912 3
880 18941 3
882 7649 3
885 18995 3
886 19020 3
887 284 3
891 2072 3
892 1691 3
893 6327 3
900 7863 3
904 4101 3
905 110 3
907 19297 3
909 19318 3
911 4125 3
913 10352 3
914 19392 3
917 7378 3
919 7050 3
926 9045 3
930 19584 3
939 720 3
943 19754 3
945 4845 3
946 18077 3
947 19786 3
948 4531 3
951 1029 3
953 5986 3
954 11844 3
959 19958 3
960 19994 3
962 6721 3
968 20083 3
972 3113 3
978 13945 3
980 9901 3
981 20224 3
983 11867 3
984 20256 3
987 8799 3
993 10878 3
995 20375 3
997 9092 3
998 20415 3
1003 20465 3
1004 20472 3
1007 9102 3
1008 10002 3
1009 14098 3
1012 4110 3
1014 297 3
1017 20598 3
1018 20615 3
1026 4657 3
1027 20711 3
1034 1320 3
1035 1949 3
1039 20857 3
1043 3209 3
1046 9087 3
1047 20956 3
1049 3769 3
1050 13833 3
1051 785 3
1055 10003 3
1059 19067 3
1063 21127 3
1064 17352 3
1066 21150 3
1070 6429 3
1077 21265 3
1079 8967 3
1081 617 3
1084 21320 3
1087 21359 3
1089 2130 3
1093 20114 3
1095 9590 3
1105 21563 3
1106 21576 3
1108 21591 3
1110 3473 3
1114 21648 3
1115 8053 3
1134 695 3
1135 44 3
1138 7693 3
1140 13525 3
1141 21905 3
1142 15468 3
1146 21947 3
1148 21980 3
1150 12958 3
1156 16234 3
1158 22077 3
1160 22093 3
1161 12060 3
1166 19099 3
1174 53 3
1176 1354 3
1178 22256 3
1180 22276 3
1182 9011 3
1185 20859 3
1188 794 3
1189 2151 3
1192 16874 3
1193 6872 3
1196 3347 3
1198 22416 3
1199 16108 3
1201 20837 3
1202 3479 3
1203 22462 3
1206 22487 3
1208 16127 3
1212 10920 3
1216 11496 3
1218 22615 3
1223 13146 3
1230 22757 3
1231 14985 3
1234 22799 3
1236 15425 3
1237 9081 3
1238 8840 3
1242 9495 3
1247 6646 3
1248 17781 3
1249 22868 3
1257 5372 3
1259 21951 3
1260 65 3
1262 14188 3
1273 23165 3
1275 15179 3
1277 7983 3
1278 23213 3
1279 18396 3
1283 23274 3
1290 10621 3
1291 16778 3
1298 23415 3
1301 23454 3
1303 23464 3
1305 297 3
1310 22658 3
1311 1958 3
1313 10761 3
1320 5608 3
1328 4293 3
1331 23665 3
1336 14423 3
1337 4580 3
1338 22122 3
1340 2474 3
1341 10523 3
1342 5056 3
1347 23807 3
1351 4214 3
1352 5334 3
1354 23863 3
1358 23902 3
1359 11797 3
1361 23932 3
1363 23947 3
1364 13867 3
1366 5542 3
1373 15554 3
1379 13593 3
1381 19066 3
1382 20115 3
1383 13529 3
1386 6671 3
1389 5112 3
1390 8105 3
1391 2145 3
1393 24193 3
1395 11483 3
1399 14090 3
1400 20616 3
1401 11348 3
1411 22385 3
1417 10697 3
1419 14095 3
1421 4311 3
1425 24463 3
1426 23336 3
1428 24486 3
1432 1653 3
1433 5645 3
1434 24540 3
1435 915 3
1441 1208 3
1446 12124 3
1447 7351 3
1448 24655 3
1450 18516 3
1453 21954 3
1455 10618 3
1456 24661 3
1457 15153 3
1458 16570 3
1461 24787 3
1462 297 3
1463 3500 3
1465 3726 3
1468 12030 3
1469 3890 3
1471 5829 3
1478 10141 3
1480 24938 3
1483 7270 3
1486 10311 3
1493 5373 3
1494 1796 3
1495 15566 3
1496 21429 3
1497 1526 3
1500 21555 3
1501 22429 3
1508 15991 3
1510 25199 3
1516 5814 3
1522 33 3
1530 310 3
1535 1986 3
1539 23759 3
1541 933 3
1542 5385 3
1543 16507 3
1546 11260 3
1551 25508 3
1560 25565 3
1561 25567 3
1565 706 3
1567 12883 3
1569 15122 3
1570 14520 3
1573 24545 3
1574 24918 3
1583 3937 3
1584 11504 3
1586 6481 3
1588 20937 3
1611 25944 3
1616 10441 3
1620 22659 3
1623 14084 3
1627 10135 3
1628 10670 3
1630 10977 3
1633 22130 3
1635 18447 3
1643 8956 3
1647 7825 3
1648 18399 3
1652 1151 3
1656 24118 3
1657 18028 3
1666 24399 3
1669 7165 3
1670 12087 3
1671 6079 3
1672 14760 3
1674 24748 3
1677 17868 3
1679 18828 3
1681 23809 3
1684 12553 3
1687 2641 3
1689 26477 3
1690 18243 3
1691 14762 3
1692 24622 3
1693 14100 3
1695 26517 3
1696 26529 3
1697 13208 3
1698 18435 3
1699 3691 3
1708 3009 3
1721 26686 3
1723 8194 3
1725 3937 3
1729 26758 3
1732 2738 3
1733 6092 3
1735 15274 3
1736 26806 3
1738 18633 3
1739 26827 3
1740 26838 3
1741 26758 3
1742 15169 3
1747 19758 3
1750 26237 3
1751 26892 3
1758 16837 3
1762 26936 3
1764 18325 3
1767 17006 3
1771 1650 3
1775 23916 3
1776 10852 3
1780 13785 3
1782 19539 3
1783 6212 3
1786 4525 3
1787 2216 3
1789 22923 3
1791 27134 3
1794 23120 3
1795 1391 3
1797 14454 3
1799 27190 3
1800 27193 3
1804 2934 3
1806 24944 3
1807 4217 3
1808 9419 3
1810 27268 3
1811 3887 3
1812 27293 3
1814 27301 3
1818 24638 3
1819 8725 3
1822 17906 3
1823 8425 3
1827 14960 3
1828 5137 3
1829 14090 3
1835 4619 3
1836 5990 3
1837 10605 3
1839 1596 3
1847 12811 3
1848 987 3
1852 3360 3
1853 18945 3
1855 12270 3
1858 4889 3
1867 27576 3
1872 8893 3
1874 4443 3
1876 27623 3
1877 27642 3
1881 27665 3
1882 27670 3
1889 19718 3
1891 3491 3
1901 8654 3
1905 17672 3
1909 4878 3
1914 13993 3
1925 7255 3
1926 7435 3
1928 17545 3
1936 26612 3
1937 18990 3
1940 27997 3
1941 16168 3
1943 14535 3
1945 3717 3
1949 28034 3
1951 27496 3
1955 18345 3
1957 28071 3
1958 7603 3
1959 14096 3
1960 818 3
1963 7110 3
1965 27342 3
1969 22741 3
1974 7796 3
1975 4270 3
1977 1735 3
1991 1544 3
1995 21462 3
1998 711 3
1999 20884 3
2000 10023 3
2001 8517 3
2004 3193 3
2005 21894 3
2011 28361 3
2026 18283 3
2033 18097 3
2036 28473 3
2037 9677 3
2041 25109 3
2043 16870 3
2044 2228 3
2053 20324 3
2060 27268 3
2061 2689 3
2063 28595 3
2065 12659 3
2066 11788 3
2067 11469 3
2068 7497 3
2073 3726 3
2082 26573 3
2092 26744 3
2093 24945 3
2094 14441 3
2098 10627 3
2099 25640 3
2102 27212 3
2104 23234 3
2105 15760 3
2107 28471 3
2110 7037 3
2118 1307 3
2119 19829 3
2122 11705 3
2126 8923 3
2128 3147 3
2129 7427 3
2140 14215 3
2142 5118 3
2144 13495 3
2147 6345 3
2149 22700 3
2150 4546 3
2153 29016 3
2158 875 3
2159 8103 3
2164 16437 3
2166 4590 3
2167 18725 3
2177 13064 3
2178 19992 3
2182 27378 3
2183 27140 3
2188 7542 3
2189 16133 3
2192 18448 3
2194 21839 3
2195 24974 3
2196 11409 3
2199 3731 3
2211 27167 3
2213 25384 3
2217 18231 3
2220 7063 3
2221 26233 3
2228 18260 3
2234 20146 3
2236 29406 3
2238 9918 3
2239 9380 3
2241 9953 3
2242 7673 3
2243 9815 3
2244 25956 3
2246 28600 3
2247 24458 3
2249 16756 3
2252 4611 3
2254 9649 3
2255 11811 3
2256 29508 3
2258 29518 3
2259 5828 3
2262 12600 3
2267 29549 3
2268 25564 3
2273 1349 3
2276 9814 3
2282 28574 3
2283 19756 3
2285 26266 3
2289 10724 3
2290 6449 3
2305 8801 3
2307 3014 3
2309 23525 3
2311 29748 3
2313 27717 3
2318 7036 3
2322 4054 3
2326 29065 3
2328 29270 3
2331 8511 3
2334 7881 3
2338 26695 3
2343 3447 3
2345 1703 3
2352 19804 3
2354 11346 3
2355 17873 3
2357 29953 3
2358 29966 3
2364 19227 3
2367 27702 3
2370 22502 3
2372 2299 3
2375 15509 3
2379 24714 3
2391 30087 3
2392 30091 3
2394 3577 3
2395 28858 3
2402 30129 3
2411 30154 3
2416 21249 3
2419 9450 3
2420 695 3
2434 13231 3
2443 10019 3
2444 1554 3
2448 22414 3
2449 9243 3
2451 8164 3
2455 15169 3
2457 3271 3
2459 853 3
2469 16205 3
2471 30350 3
2472 15995 3
2478 22722 3
2479 707 3
2486 8425 3
2487 30405 3
2489 30417 3
2491 30424 3
2499 10535 3
2506 7930 3
2515 3745 3
2517 10037 3
2519 3001 3
2521 5098 3
2522 3339 3
2523 23463 3
2529 25949 3
2530 30524 3
2531 27901 3
2532 14706 3
2533 30537 3
2539 21428 3
2540 14217 3
2541 20545 3
2542 14173 3
2543 14885 3
2544 5475 3
2549 16288 3
2553 29688 3
2555 1157 3
2557 29126 3
2559 30186 3
2567 7926 3
2569 3487 3
2571 1046 3
2572 12847 3
2574 30652 3
2576 10097 3
2579 4929 3
2580 10114 3
2586 13598 3
2587 15782 3
2589 24817 3
2590 26806 3
2591 1794 3
2593 9184 3
2601 10288 3
2606 7324 3
2610 24380 3
2611 29610 3
2612 25448 3
2620 4496 3
2621 6095 3
2624 3272 3
2626 3530 3
2627 7701 3
2633 22162 3
2634 5612 3
2635 3698 3
2638 26304 3
2644 5738 3
2647 4844 3
2649 58 3
2654 15656 3
2657 1785 3
2660 4839 3
2666 23180 3
2667 14650 3
2673 5279 3
2677 30921 3
2678 15765 3
2679 13482 3
2681 4482 3
2683 5337 3
2684 27079 3
2691 872 3
2696 30984 3
2700 20321 3
2701 15391 3
2702 10052 3
2704 599 3
2711 281 3
2714 16663 3
2717 22027 3
2718 19531 3
2719 4392 3
2721 20074 3
2722 22487 3
2726 16174 3
2727 24387 3
2730 11513 3
2734 13592 3
2736 23248 3
2739 25682 3
2743 31092 3
2745 13127 3
2747 9529 3
2748 6996 3
2750 31110 3
2752 10350 3
2756 14583 3
2757 971 3
2758 30185 3
2761 7999 3
2764 3272 3
2769 23714 3
2773 17990 3
2776 17953 3
2788 2854 3
2794 27215 3
2796 8036 3
2798 29212 3
2800 20486 3
2804 24628 3
2807 17616 3
2810 18048 3
2812 31256 3
2820 29942 3
2821 13380 3
2822 16343 3
2824 2075 3
2826 20160 3
2827 28082 3
2829 17964 3
2830 21802 3
2832 21167 3
2834 23412 3
2836 30208 3
2837 16790 3
2842 15144 3
2845 15835 3
2848 14609 3
2853 12556 3
2854 16046 3
2856 6328 3
2860 3293 3
2862 20723 3
2863 18854 3
2871 4854 3
2876 25468 3
2877 12777 3
2880 16127 3
2881 14556 3
2883 5244 3
2885 10973 3
2887 2165 3
2888 1679 3
2891 20010 3
2893 4440 3
2894 10295 3
2899 21156 3
2903 2165 3
2907 4794 3
2909 21326 3
2914 31473 3
2917 9028 3
2921 12281 3
2922 7602 3
2923 31008 3
2924 4662 3
2925 14307 3
2931 7096 3
2934 30783 3
2935 6660 3
2947 24336 3
2953 13294 3
2955 11709 3
2959 14435 3
2960 18193 3
2963 20706 3
2964 1417 3
2965 27440 3
2970 17056 3
2972 569 3
2973 15822 3
2974 6899 3
2975 4803 3
2979 18409 3
2982 18857 3
2984 14469 3
2988 851 3
2990 19029 3
2992 14947 3
2993 16543 3
2999 30796 3
3008 10583 3
3009 24106 3
3010 2087 3
3012 7323 3
3013 1188 3
3014 431 3
3016 230 3
3017 6541 3
3021 31715 3
3022 5907 3
3024 31722 3
3035 5958 3
3037 25156 3
3041 14908 3
3042 6795 3
3043 10425 3
3047 4373 3
3054 31786 3
3056 24152 3
3057 2491 3
3059 9783 3
3060 1988 3
3061 915 3
3064 1586 3
3065 10117 3
3067 388 3
3068 22783 3
3069 2939 3
3077 16431 3
3078 17182 3
3084 15782 3
3085 14343 3
3086 15867 3
3088 16907 3
3089 2283 3
3095 5132 3
3100 19657 3
3102 4088 3
3105 7257 3
3114 26029 3
3116 9637 3
3119 517 3
3120 31919 3
3121 2548 3
3123 2739 3
3125 132 3
3126 1197 3
3128 20060 3
3134 15329 3
3138 23160 3
3141 13300 3
3144 20542 3
3146 19701 3
3152 14631 3
3154 24480 3
3157 24189 3
3158 11594 3
3160 11810 3
3161 1773 3
3163 11239 3
3164 19151 3
3166 16726 3
3167 1233 3
3168 10269 3
3169 19852 3
3175 11 3
3176 5424 3
3183 9319 3
3191 1605 3
3192 31039 3
3193 11083 3
3195 32077 3
3197 17506 3
3199 26032 3
3200 15118 3
3204 1187 3
3205 22008 3
3206 3989 3
3208 32106 3
3210 6228 3
3212 24901 3
3220 5807 3
3225 6839 3
3226 15327 3
3227 12800 3
3228 19086 3
3233 8805 3
3247 32186 3
3250 6164 3
3251 32194 3
3252 3806 3
3255 16068 3
3256 14519 3
3259 14032 3
3265 30404 3
3266 22448 3
3273 16196 3
3274 8072 3
3275 15362 3
3277 1188 3
3278 8555 3
3279 14020 3
3280 2360 3
3283 17377 3
3285 5376 3
3291 25969 3
3292 14096 3
3295 32298 3
3298 31766 3
3299 32311 3
3302 17648 3
3303 32320 3
3305 3920 3
3306 22540 3
3313 4089 3
3314 19282 3
3315 10152 3
3316 21721 3
3321 10045 3
3322 15722 3
3324 14018 3
3327 1653 3
3334 359 3
3337 14100 3
3340 13079 3
3341 5921 3
3342 785 3
3344 12058 3
3349 2440 3
3354 7194 3
3356 10229 3
3360 9793 3
3362 23322 3
3363 8378 3
3364 4889 3
3367 12650 3
3369 13599 3
3370 25458 3
3371 7708 3
3374 32467 3
3375 19227 3
3380 19232 3
3382 19252 3
3383 5104 3
3384 6513 3
3388 12560 3
3390 2997 3
3391 2739 3
3393 31931 3
3397 17445 3
3398 24433 3
3399 32514 3
3400 21812 3
3402 14077 3
3403 21252 3
3404 2585 3
3406 6931 3
3409 5054 3
3417 12242 3
3418 4300 3
3419 8560 3
3420 26331 3
3425 5436 3
3426 7740 3
3429 5098 3
3433 21538 3
3436 29172 3
3438 13014 3
3440 5316 3
3442 14919 3
3451 32096 3
3457 32634 3
3459 11139 3
3462 24608 3
3467 5313 3
3472 1573 3
3474 32120 3
3475 15122 3
3482 10167 3
3487 311 3
3490 31956 3
3493 21569 3
3495 22885 3
3498 30658 3
3499 20699 3
3500 1653 3
3502 12295 3
3504 31103 3
3508 14886 3
3512 31246 3
3513 30088 3
3515 7355 3
3519 32731 3
3521 9330 3
3523 24176 3
3525 22058 3
3526 12703 3
3531 297 3
3533 13942 3
3535 3536 3
3539 17103 3
3541 915 3
3542 22237 3
3544 14938 3
3545 6398 3
3548 9728 3
3549 1250 3
3551 6028 3
3554 2739 3
3556 6265 3
3559 20494 3
3561 347 3
3563 9547 3
3565 19338 3
3568 3257 3
3576 666 3
3577 6408 3
3583 11661 3
3584 31254 3
3585 31713 3
3595 768 3
3601 20684 3
3602 15167 3
3603 27938 3
3608 16508 3
3612 32883 3
3613 10739 3
3614 1949 3
3617 18551 3
3622 25185 3
3623 31784 3
3625 22812 3
3626 26499 3
3628 28117 3
3631 32904 3
3632 7123 3
3638 22881 3
3640 32475 3
3644 12386 3
3645 934 3
3647 776 3
3648 17526 3
3654 22031 3
3661 27087 3
3669 30276 3
3672 1209 3
3678 10501 3
3679 7583 3
3680 259 3
3683 12753 3
3689 7103 3
3692 10814 3
3693 3913 3
3698 23585 3
3699 23414 3
3702 8018 3
3707 10475 3
3708 20644 3
3710 18642 3
3713 11603 3
3714 17151 3
3717 27595 3
3719 30635 3
3721 15808 3
3722 1757 3
3724 24619 3
3726 33049 3
3732 17866 3
3733 1707 3
3737 9821 3
3739 29973 3
3742 4018 3
3745 33073 3
3747 1690 3
3750 28034 3
3753 23099 3
3755 15958 3
3762 3203 3
3770 26009 3
3771 7566 3
3776 26436 3
3778 24589 3
3781 4525 3
3790 10258 3
3798 31862 3
3799 11880 3
3803 15402 3
3805 25451 3
3808 2145 3
3809 20441 3
3814 4249 3
3817 24677 3
3818 3747 3
3824 297 3
3826 2124 3
3828 20791 3
3830 31540 3
3831 1690 3
3832 6419 3
3839 32686 3
3844 16279 3
3845 12803 3
3849 6660 3
3850 2848 3
3853 32190 3
3858 4757 3
3859 10567 3
3861 19893 3
3862 33226 3
3864 5262 3
3865 14247 3
3867 17289 3
3872 3147 3
3873 26040 3
3874 33241 3
3876 30050 3
3878 4544 3
3880 33250 3
3881 18228 3
3882 19276 3
3885 23771 3
3894 1779 3
3900 27761 3
3904 13292 3
3905 26324 3
3910 532 3
3914 135 3
3921 20715 3
3922 22464 3
3928 24314 3
3929 4383 3
3934 4477 3
3936 28087 3
3938 4858 3
3940 22964 3
3943 9843 3
3944 14660 3
3946 29233 3
3948 13804 3
3951 29786 3
3952 21166 3
3953 15212 3
3955 19401 3
3958 32205 3
3961 18948 3
3970 30635 3
3983 9452 3
3985 29490 3
3986 9319 3
3989 31640 3
3992 1487 3
3993 23159 3
3995 29832 3
3996 1225 3
3997 25295 3
4004 28212 3
4005 11663 3
4010 2743 3
4012 101 3
4017 2413 3
4022 26839 3
4024 737 3
4029 14661 3
4031 11476 3
4037 6797 3
4039 12080 3
4040 27285 3
4042 7290 3
4044 1272 3
4046 23280 3
4047 17513 3
4052 33487 3
4054 23083 3
4057 3710 3
4058 33492 3
4064 13808 3
4069 1470 3
4071 297 3
4072 5777 3
4073 24327 3
4082 18714 3
4083 24082 3
4084 22195 3
4086 10037 3
4088 16936 3
4090 5019 3
4093 4094 3
4101 11899 3
4107 26939 3
4112 30526 3
4120 1501 3
4121 847 3
4125 33600 3
4129 22858 3
4130 24563 3
4131 9747 3
4136 7434 3
4137 6220 3
4140 8153 3
4144 7794 3
4146 23987 3
4148 33640 3
4154 3378 3
4156 7686 3
4158 29422 3
4160 12257 3
4167 4821 3
4170 19757 3
4171 581 3
4172 14096 3
4173 33679 3
4178 8042 3
4179 7870 3
4181 33670 3
4182 5176 3
4188 5877 3
4190 32118 3
4192 8816 3
4194 16744 3
4195 26058 3
4196 33709 3
4199 33711 3
4202 12657 3
4205 26311 3
4206 22710 3
4208 23058 3
4210 6892 3
4211 1706 3
4213 8018 3
4230 22333 3
4231 20266 3
4235 22433 3
4236 20268 3
4237 11569 3
4240 16628 3
4241 33711 3
4247 31539 3
4249 23406 3
4250 21249 3
4253 4611 3
4256 4266 3
4258 14268 3
4259 2112 3
4263 13945 3
4264 26602 3
4265 29114 3
4267 25789 3
4270 14229 3
4271 11647 3
4272 30044 3
4273 30945 3
4274 56 3
4275 381 3
4277 24699 3
4278 6476 3
4281 13982 3
4282 28418 3
4286 4082 3
4287 934 3
4289 33800 3
4291 13403 3
4298 10998 3
4302 29209 3
4304 8993 3
4308 21104 3
4309 26216 3
4311 11486 3
4315 934 3
4318 20872 3
4319 33460 3
4322 8396 3
4324 22312 3
4325 854 3
4327 5612 3
4331 27957 3
4337 14626 3
4338 2934 3
4339 20575 3
4340 9915 3
4343 25592 3
4346 5867 3
4347 19415 3
4349 12606 3
4352 20055 3
4354 2066 3
4355 19872 3
4356 10599 3
4357 6669 3
4358 13928 3
4360 11771 3
4361 10272 3
4362 33096 3
4365 4292 3
4366 16070 3
4367 19829 3
4374 8070 3
4385 16659 3
4386 10212 3
4388 6212 3
4389 12963 3
4390 7535 3
4391 3963 3
4392 11047 3
4393 20358 3
4396 25581 3
4397 4392 3
4398 8744 3
4399 12597 3
4402 25976 3
4404 32533 3
4405 13905 3
4406 17988 3
4411 2755 3
4416 5284 3
4417 8546 3
4419 21166 3
4423 31988 3
4430 33960 3
4439 21947 3
4445 7175 3
4446 11691 3
4448 6265 3
4450 12222 3
4452 32882 3
4453 28513 3
4454 30636 3
4455 341 3
4459 12906 3
4460 6750 3
4461 18172 3
4463 7767 3
4464 33058 3
4470 21159 3
4475 2333 3
4477 6699 3
4482 1182 3
4483 1447 3
4491 189 3
4492 4838 3
4501 19659 3
4503 18328 3
4506 32083 3
4507 25824 3
4512 6067 3
4517 6201 3
4518 32979 3
4519 9526 3
4522 18558 3
4525 3360 3
4526 6175 3
4527 3532 3
4528 410 3
4530 9453 3
4535 11358 3
4537 28318 3
4542 2192 3
4544 12015 3
4546 12908 3
4547 11325 3
4548 799 3
4552 1922 3
4555 34120 3
4557 32363 3
4558 872 3
4565 234 3
4566 32363 3
4573 9020 3
4576 3293 3
4578 6998 3
4580 21347 3
4581 11531 3
4584 34158 3
4599 15880 3
4600 26614 3
4602 9905 3
4603 22361 3
4607 28481 3
4610 22487 3
4612 31056 3
4614 16775 3
4615 5233 3
4622 16267 3
4624 10086 3
4632 15218 3
4634 31142 3
4635 23011 3
4636 30600 3
4638 22196 3
4639 5377 3
4643 34216 3
4644 14163 3
4648 1697 3
4653 26954 3
4660 24114 3
4664 516 3
4665 1802 3
4666 19689 3
4672 4594 3
4676 19428 3
4678 16680 3
4679 29433 3
4680 25225 3
4684 11569 3
4686 24510 3
4689 297 3
4691 17610 3
4693 30725 3
4695 10243 3
4697 8854 3
4701 16161 3
4707 14768 3
4708 8425 3
4712 34232 3
4713 15030 3
4716 18928 3
4720 26793 3
4723 17650 3
4724 29986 3
4726 3613 3
4731 3099 3
4733 297 3
4734 24305 3
4738 33270 3
4741 12083 3
4752 17349 3
4756 34196 3
4757 3955 3
4758 23470 3
4759 20989 3
4760 2360 3
4765 5947 3
4767 25534 3
4771 16028 3
4780 28723 3
4782 23698 3
4786 20277 3
4794 21844 3
4801 7885 3
4803 29932 3
4804 5065 3
4806 14449 3
4807 30953 3
4811 22340 3
4820 18412 3
4821 12723 3
4824 13000 3
4825 12518 3
4827 13216 3
4829 17128 3
4830 4611 3
4832 5098 3
4834 16032 3
4835 3144 3
4839 28994 3
4840 5130 3
4841 33090 3
4848 34414 3
4858 869 3
4860 9243 3
4862 9719 3
4867 4611 3
4868 9217 3
4869 12421 3
4877 20636 3
4880 15031 3
4881 8237 3
4882 31813 3
4884 18812 3
4886 4048 3
4889 10020 3
4892 13975 3
4894 28097 3
4895 17949 3
4898 7513 3
4900 17453 3
4909 12788 3
4910 12446 3
4912 29214 3
4914 34311 3
4915 32529 3
4917 31723 3
4919 6333 3
4921 1059 3
4923 31040 3
4924 1654 3
4928 4707 3
4931 19125 3
4932 11442 3
4934 12376 3
4936 18478 3
4940 34492 3
4945 10462 3
4946 11884 3
4949 3147 3
4954 20079 3
4959 11087 3
4961 16065 3
4962 56 3
4963 9989 3
4967 8402 3
4968 4628 3
4969 32579 3
4970 6212 3
4971 3364 3
4972 947 3
4974 13105 3
4976 34506 3
4977 30243 3
4978 14525 3
4979 297 3
4986 17220 3
4987 9864 3
4990 2659 3
4991 15104 3
4996 2394 3
5002 24176 3
5005 28523 3
5006 15441 3
5007 14845 3
5011 10145 3
5017 4328 3
5019 4939 3
5020 9037 3
5021 18431 3
5022 526 3
5025 566 3
5026 326 3
5029 1653 3
5031 5111 3
5033 21143 3
5035 27905 3
5042 13846 3
5043 24610 3
5047 13976 3
5052 297 3
5053 30608 3
5054 24584 3
5055 8559 3
5056 27265 3
5058 24730 3
5059 17196 3
5060 13586 3
5062 20417 3
5066 20944 3
5074 17884 3
5075 2821 3
5076 6485 3
5077 16274 3
5087 5746 3
5088 32727 3
5089 22134 3
5097 27151 3
5104 25336 3
5111 3754 3
5112 22668 3
5116 14633 3
5118 32691 3
5122 10363 3
5126 7743 3
5128 1782 3
5130 5441 3
5131 9817 3
5138 4573 3
5139 16303 3
5141 15694 3
5147 22385 3
5148 17877 3
5149 15573 3
5151 32297 3
5153 3105 3
5156 28181 3
5162 13309 3
5163 2151 3
5166 3080 3
5169 21469 3
5170 15205 3
5179 34546 3
5184 9363 3
5185 27480 3
5187 17225 3
5191 33439 3
5194 31498 3
5195 19752 3
5197 3369 3
5198 20500 3
5205 622 3
5208 27774 3
5209 19593 3
5210 32267 3
5216 10534 3
5218 2131 3
5221 33764 3
5223 23178 3
5224 15330 3
5225 26178 3
5226 31570 3
5228 34532 3
5229 13345 3
5233 14728 3
5238 33884 3
5239 12256 3
5242 16459 3
5243 26579 3
5245 7298 3
5249 524 3
5252 4808 3
5253 3008 3
5254 20602 3
5258 15891 3
5260 8056 3
5262 21519 3
5266 20173 3
5280 589 3
5285 9840 3
5287 5123 3
5298 11100 3
5299 13587 3
5301 34669 3
5302 9550 3
5308 27351 3
5309 16895 3
5312 17506 3
5314 781 3
5320 18827 3
5321 4292 3
5322 9663 3
5324 11681 3
5326 376 3
5327 7570 3
5328 11136 3
5329 405 3
5330 34683 3
5332 15384 3
5334 3821 3
5337 1994 3
5339 34690 3
5340 22473 3
5341 7945 3
5353 237 3
5354 20084 3
5358 2628 3
5360 8475 3
5361 21117 3
5364 26132 3
5366 26308 3
5374 1615 3
5378 1854 3
5380 15639 3
5381 23866 3
5387 26 3
5388 34575 3
5389 10878 3
5395 3236 3
5399 1108 3
5400 34386 3
5403 663 3
5407 9004 3
5408 310 3
5411 297 3
5414 48 3
5418 4482 3
5424 12004 3
5428 16402 3
5429 2727 3
5430 11442 3
5431 11385 3
5435 16948 3
5438 26638 3
5442 19141 3
5448 6100 3
5450 24580 3
5452 6397 3
5454 2899 3
5455 11339 3
5461 27461 3
5466 26347 3
5467 23429 3
5468 1040 3
5472 25336 3
5473 14583 3
5481 33351 3
5483 14882 3
5485 557 3
5486 18835 3
5489 34759 3
5490 22915 3
5491 7854 3
5497 4347 3
5500 1863 3
5502 5644 3
5504 3649 3
5505 21534 3
5507 3887 3
5509 18417 3
5510 30788 3
5511 21581 3
5517 27607 3
5520 31994 3
5522 11100 3
5524 22042 3
5525 21272 3
5526 20953 3
5530 32306 3
5532 14090 3
5541 17919 3
5542 5459 3
5543 31608 3
5545 26969 3
5550 18200 3
5551 22451 3
5554 10104 3
5556 18737 3
5557 32849 3
5558 21012 3
5564 12227 3
5566 16186 3
5567 31942 3
5570 29279 3
5577 28385 3
5578 13892 3
5579 16935 3
5585 998 3
5592 18528 3
5594 13127 3
5596 23906 3
5599 921 3
5600 33824 3
5601 7168 3
5605 14434 3
5607 34821 3
5608 4843 3
5612 8555 3
5613 5650 3
5619 133 3
5620 19359 3
5621 30426 3
5622 4067 3
5623 31239 3
5624 1564 3
5632 29463 3
5633 5585 3
5634 9644 3
5635 22379 3
5643 6039 3
5644 33469 3
5645 498 3
5649 5342 3
5651 7017 3
5658 8507 3
5659 4412 3
5660 5611 3
5661 5521 3
5662 1793 3
5668 13309 3
5671 16054 3
5673 25851 3
5674 23339 3
5676 8611 3
5677 5098 3
5678 1416 3
5679 29091 3
5684 2241 3
5696 933 3
5697 2451 3
5701 9489 3
5703 6160 3
5704 26551 3
5711 22907 3
5712 3130 3
5713 16302 3
5715 11710 3
5718 7850 3
5721 7110 3
5724 4723 3
5726 26772 3
5727 31744 3
5731 24314 3
5732 14689 3
5737 4089 3
5741 13239 3
5753 707 3
5755 34238 3
5758 10957 3
5765 17017 3
5785 3889 3
5796 16363 3
5798 21041 3
5799 297 3
5800 963 3
5802 14459 3
5805 34829 3
5809 13204 3
5814 21139 3
5819 17466 3
5821 26254 3
5824 22951 3
5826 15211 3
5829 21713 3
5830 21325 3
5839 34926 3
5841 10253 3
5843 17189 3
5846 973 3
5847 10365 3
5853 2155 3
5855 33623 3
5862 9327 3
5863 34463 3
5868 3142 3
5870 12618 3
5871 1230 3
5872 7718 3
5873 9441 3
5882 7099 3
5886 34820 3
5888 3680 3
5890 2816 3
5892 8964 3
5894 1859 3
5896 10231 3
5897 1876 3
5898 18627 3
5899 4603 3
5902 30029 3
5905 2804 3
5906 17781 3
5907 34945 3
5911 24935 3
5914 22643 3
5919 1064 3
5922 5301 3
5925 27975 3
5929 7735 3
5930 9750 3
5931 23299 3
5932 9243 3
5933 14560 3
5936 24490 3
5940 31826 3
5941 26805 3
5942 32786 3
5943 33398 3
5947 9119 3
5950 23761 3
5951 27984 3
5952 22578 3
5953 7090 3
5955 4903 3
5959 15922 3
5962 529 3
5964 934 3
5971 7209 3
5974 3317 3
5976 26957 3
5978 5957 3
5980 10722 3
5984 23401 3
5987 4399 3
5991 12602 3
5993 3245 3
5994 19000 3
5995 6084 3
5996 13692 3
5998 2202 3
6000 1670 3
6001 12278 3
6002 5872 3
6005 1960 3
6007 20793 3
6008 4513 3
6012 32482 3
6015 5316 3
6017 9117 3
6019 19186 3
6025 6073 3
6026 25087 3
6030 14073 3
6032 505 3
6035 31819 3
6036 9857 3
6039 23379 3
6040 20178 3
6045 9627 3
6051 16229 3
6052 8511 3
6054 162 3
6058 6021 3
6059 25181 3
6060 11065 3
6062 24938 3
6065 14095 3
6068 15783 3
6076 21025 3
6079 25772 3
6080 25844 3
6083 24727 3
6084 22041 3
6085 11634 3
6086 4089 3
6094 10020 3
6097 10182 3
6098 633 3
6099 20480 3
6101 4503 3
6102 2020 3
6103 16808 3
6104 23131 3
6107 2904 3
6108 10417 3
6111 2614 3
6112 26568 3
6114 26372 3
6117 17267 3
6122 13202 3
6125 8660 3
6130 16826 3
6132 27588 3
6136 16229 3
6140 20978 3
6143 24639 3
6145 25147 3
6148 24418 3
6149 34486 3
6156 14462 3
6160 14351 3
6162 15251 3
6166 17960 3
6167 21323 3
6170 22932 3
6171 13558 3
6174 34048 3
6176 17778 3
6181 4214 3
6182 2469 3
6188 22656 3
6189 4348 3
6194 19131 3
6197 29589 3
6198 31293 3
6199 9813 3
6201 2804 3
6203 18857 3
6211 24758 3
6213 4101 3
6216 14308 3
6217 9100 3
6219 13860 3
6221 29113 3
6222 26030 3
6226 27019 3
6228 33424 3
6234 8361 3
6239 1235 3
6244 10155 3
6248 15246 3
6250 12455 3
6257 23136 3
6258 9350 3
6259 24644 3
6267 23519 3
6269 17663 3
6270 1321 3
6271 6962 3
6273 2752 3
6278 28607 3
6281 8079 3
6283 17667 3
6284 15427 3
6286 5649 3
6287 18040 3
6290 15946 3
6292 13973 3
6297 4640 3
6300 5947 3
6305 27254 3
6308 6854 3
6309 933 3
6311 19383 3
6312 3469 3
6318 18771 3
6324 34937 3
6326 21772 3
6327 25992 3
6331 10101 3
6333 4800 3
6335 12392 3
6337 6568 3
6338 17414 3
6340 9852 3
6341 1474 3
6342 5880 3
6343 27270 3
6345 17395 3
6346 24316 3
6353 3914 3
6355 28181 3
6356 2161 3
6360 35059 3
6361 9432 3
6362 4999 3
6365 1195 3
6366 19983 3
6371 20244 3
6372 13621 3
6373 20230 3
6376 17468 3
6377 9995 3
6380 13574 3
6381 15877 3
6382 17420 3
6385 10796 3
6386 1128 3
6389 13178 3
6393 956 3
6394 23389 3
6395 19856 3
6396 28392 3
6403 3779 3
6409 1252 3
6410 24889 3
6413 6212 3
6415 33840 3
6417 8115 3
6423 12651 3
6424 34753 3
6429 10620 3
6430 16085 3
6432 366 3
6435 32849 3
6436 33740 3
6437 12209 3
6438 11904 3
6439 34253 3
6440 13089 3
6443 4513 3
6445 18149 3
6452 32998 3
6453 15518 3
6456 21158 3
6461 16229 3
6463 232 3
6466 32250 3
6468 17210 3
6471 1346 3
6474 21339 3
6475 17715 3
6478 2228 3
6481 21727 3
6489 695 3
6490 18016 3
6496 15778 3
6497 9422 3
6500 23115 3
6502 35054 3
6503 7550 3
6506 395 3
6507 15163 3
6514 7382 3
6515 26811 3
6519 25789 3
6520 297 3
6521 1612 3
6522 21709 3
6527 13976 3
6529 4283 3
6533 31473 3
6537 35146 3
6542 24119 3
6547 6360 3
6548 13321 3
6549 9691 3
6553 2741 3
6557 14672 3
6560 2156 3
6562 6824 3
6566 2137 3
6567 29980 3
6568 438 3
6569 4457 3
6575 30126 3
6576 20588 3
6578 655 3
6584 18258 3
6587 3860 3
6594 7260 3
6596 17126 3
6599 7131 3
6600 20561 3
6602 4408 3
6606 27004 3
6609 12953 3
6611 12486 3
6612 12368 3
6613 581 3
6614 9493 3
6616 9032 3
6618 898 3
6620 1948 3
6626 28257 3
6627 9122 3
6628 26938 3
6629 1546 3
6631 29942 3
6636 29087 3
6646 5517 3
6648 25964 3
6649 28604 3
6655 32762 3
6657 8425 3
6660 17086 3
6662 24114 3
6665 17162 3
6668 32640 3
6671 5112 3
6673 23314 3
6674 3365 3
6675 20942 3
6677 28796 3
6678 18228 3
6680 1628 3
6682 27747 3
6683 9884 3
6684 12621 3
6687 16363 3
6696 6347 3
6698 22735 3
6700 16697 3
6702 3945 3
6705 8310 3
6709 14569 3
6710 22138 3
6711 25100 3
6713 31363 3
6714 29169 3
6719 24156 3
6720 3202 3
6730 14661 3
6731 33896 3
6732 531 3
6733 19255 3
6741 30360 3
6742 902 3
6745 23774 3
6747 5429 3
6750 27443 3
6755 10079 3
6758 8186 3
6760 18814 3
6761 16183 3
6765 25930 3
6767 24740 3
6769 17732 3
6773 25514 3
6774 24580 3
6776 297 3
6777 34788 3
6782 2360 3
6791 18285 3
6793 9053 3
6795 27958 3
6800 26515 3
6802 16259 3
6806 22084 3
6812 14684 3
6814 2454 3
6815 24915 3
6818 16173 3
6821 8094 3
6823 12262 3
6830 6978 3
6832 20245 3
6833 13564 3
6834 35014 3
6835 24755 3
6836 28852 3
6837 9835 3
6840 22289 3
6842 8013 3
6846 21262 3
6854 25057 3
6858 4526 3
6859 17097 3
6861 22625 3
6862 15211 3
6865 8108 3
6875 29703 3
6881 8063 3
6882 30884 3
6883 24419 3
6885 32730 3
6886 25888 3
6891 25478 3
6892 34238 3
6900 33577 3
6901 16346 3
6904 15394 3
6905 8584 3
6915 4290 3
6919 2465 3
6920 1433 3
6921 27992 3
6927 5885 3
6928 14985 3
6930 5350 3
6936 15362 3
6939 20098 3
6942 16127 3
6943 32402 3
6947 14145 3
6950 25459 3
6951 23088 3
6952 934 3
6953 34575 3
6955 3890 3
6962 18689 3
6964 32380 3
6965 10334 3
6968 35281 3
6972 19265 3
6974 13366 3
6975 6241 3
6977 7872 3
6980 12867 3
6981 32999 3
6984 1242 3
6985 5417 3
6986 24010 3
6989 25446 3
6990 35288 3
6994 27226 3
6995 181 3
6996 20471 3
7006 26314 3
7012 12653 3
7016 18643 3
7017 27511 3
7018 2413 3
7019 11270 3
7020 14480 3
7021 27579 3
7022 27309 3
7028 26473 3
7030 32982 3
7031 19047 3
7038 23192 3
7040 1436 3
7041 12337 3
7042 1915 3
7043 31853 3
7044 861 3
7045 22682 3
7053 19242 3
7057 28341 3
7060 4424 3
7066 27440 3
7068 12395 3
7070 20102 3
7071 406 3
7074 24958 3
7077 35311 3
7080 35004 3
7082 31122 3
7085 15782 3
7086 21143 3
7092 1624 3
7096 13886 3
7099 8390 3
7103 5239 3
7104 4917 3
7107 13180 3
7119 15677 3
7121 23315 3
7122 3150 3
7123 8414 3
7124 22155 3
7130 17313 3
7139 6883 3
7143 993 3
7147 22535 3
7149 12575 3
7155 7736 3
7159 28133 3
7162 21871 3
7171 6212 3
7173 34337 3
7176 1307 3
7177 19383 3
7183 4365 3
7185 16679 3
7187 28115 3
7189 26422 3
7196 5429 3
7202 34482 3
7204 10728 3
7206 17364 3
7211 4030 3
7224 10029 3
7227 12473 3
7229 15386 3
7235 14226 3
7243 21198 3
7245 30301 3
7247 6694 3
7257 25507 3
7259 21983 3
7260 29182 3
7267 18609 3
7268 9428 3
7276 19869 3
7285 915 3
7291 21649 3
7292 30669 3
7294 32856 3
7298 297 3
7300 27223 3
7301 6088 3
7302 8165 3
7305 14095 3
7309 21993 3
7321 18844 3
7326 23739 3
7327 8755 3
7329 20401 3
7332 23706 3
7333 23342 3
7335 8173 3
7341 17643 3
7345 21182 3
7348 35111 3
7351 9013 3
7353 29979 3
7355 22650 3
7357 5160 3
7360 5379 3
7367 13207 3
7374 14506 3
7382 29065 3
7393 5762 3
7399 5525 3
7401 22285 3
7402 934 3
7406 5253 3
7417 987 3
7420 5660 3
7421 4612 3
7425 11825 3
7427 15970 3
7428 25751 3
7431 28659 3
7438 13848 3
7440 297 3
7443 19582 3
7447 5225 3
7451 18527 3
7453 646 3
7455 5018 3
7456 23428 3
7457 12517 3
7474 30532 3
7477 776 3
7478 21156 3
7479 26150 3
7481 9585 3
7482 17450 3
7483 1002 3
7484 23848 3
7485 4877 3
7487 11867 3
7488 1750 3
7489 11183 3
7492 33976 3
7493 13541 3
7495 30659 3
7499 7928 3
7506 33021 3
7511 11307 3
7512 3631 3
7514 13837 3
7519 4258 3
7520 4702 3
7528 8206 3
7529 33095 3
7530 4594 3
7533 4821 3
7535 14700 3
7539 31450 3
7540 22448 3
7552 9020 3
7555 14740 3
7557 1365 3
7559 28281 3
7563 2738 3
7564 3141 3
7575 4632 3
7578 18212 3
7580 22923 3
7584 29579 3
7591 24156 3
7593 3992 3
7604 9347 3
7607 29618 3
7610 6144 3
7611 4647 3
7613 1454 3
7614 4955 3
7616 13760 3
7624 28043 3
7627 24533 3
7629 9952 3
7630 14010 3
7631 12120 3
7635 15663 3
7637 1679 3
7638 17144 3
7641 2221 3
7644 16993 3
7646 1437 3
7654 4787 3
7655 10564 3
7659 33636 3
7661 6857 3
7666 13711 3
7668 33360 3
7671 25803 3
7672 13023 3
7676 3927 3
7678 13874 3
7683 33830 3
7685 28064 3
7690 17732 3
7692 11296 3
7696 10308 3
7704 19839 3
7706 934 3
7708 28483 3
7709 32997 3
7714 43 3
7721 14774 3
7722 3213 3
7723 5435 3
7734 12373 3
7735 19878 3
7738 17677 3
7742 30635 3
7747 14345 3
7750 4445 3
7753 19495 3
7755 16536 3
7756 24277 3
7758 237 3
7764 22894 3
7765 32025 3
7776 15584 3
7779 17065 3
7782 7351 3
7783 4749 3
7785 9253 3
7786 13773 3
7789 26383 3
7791 1149 3
7792 13596 3
7794 29635 3
7795 30347 3
7796 28464 3
7797 7126 3
7806 2627 3
7808 2426 3
7811 6437 3
7813 31072 3
7816 13690 3
7818 13371 3
7820 12711 3
7821 27473 3
7826 22157 3
7831 12219 3
7832 10959 3
7835 13309 3
7842 4396 3
7843 32060 3
7845 18829 3
7846 34773 3
7847 3056 3
7851 7293 3
7855 3573 3
7856 456 3
7861 40 3
7862 21254 3
7865 16483 3
7870 18525 3
7871 14109 3
7877 19184 3
7879 29064 3
7880 3425 3
7883 11186 3
7888 31965 3
7889 15782 3
7891 24740 3
7892 30745 3
7896 19601 3
7897 2740 3
7901 23796 3
7906 11949 3
7913 4219 3
7914 4828 3
7915 7264 3
7916 13397 3
7917 12465 3
7918 3401 3
7929 32362 3
7930 31879 3
7932 3758 3
7933 5976 3
7935 35468 3
7936 22019 3
7938 10958 3
7939 3540 3
7941 30921 3
7943 7081 3
7945 31935 3
7946 24058 3
7947 31570 3
7948 10941 3
7952 14518 3
7954 28680 3
7956 7934 3
7959 13037 3
7960 28723 3
7962 26889 3
7963 22315 3
7964 21856 3
7965 26972 3
7971 14840 3
7977 7436 3
7982 2347 3
7983 12955 3
7990 5817 3
7993 3947 3
7998 24601 3
8000 23907 3
8012 1584 3
8013 5146 3
8019 12891 3
8022 3601 3
8024 32152 3
8026 3482 3
8030 24872 3
8031 13991 3
8033 18553 3
8034 18254 3
8036 730 3
8037 16199 3
8039 16728 3
8042 4117 3
8043 11761 3
8044 1855 3
8047 15760 3
8049 911 3
8052 23242 3
8053 25745 3
8055 2542 3
8061 5136 3
8062 16161 3
8063 15522 3
8065 14687 3
8070 18657 3
8071 4398 3
8072 18055 3
8077 9734 3
8082 8817 3
8085 18250 3
8089 34818 3
8094 22688 3
8095 33338 3
8096 25446 3
8100 17222 3
8103 19452 3
8105 6940 3
8107 28725 3
8115 11049 3
8116 8206 3
8117 9014 3
8118 14096 3
8119 18954 3
8120 8018 3
8121 1596 3
8130 1742 3
8131 18281 3
8133 21107 3
8136 12087 3
8138 297 3
8139 15321 3
8143 14434 3
8144 479 3
8145 32854 3
8149 4594 3
8159 15566 3
8160 279 3
8163 3359 3
8165 235 3
8166 19045 3
8169 2999 3
8170 695 3
8172 10212 3
8175 933 3
8180 8048 3
8186 468 3
8188 22954 3
8189 4974 3
8195 7081 3
8197 3145 3
8199 26778 3
8200 25413 3
8203 1348 3
8210 1839 3
8212 12723 3
8215 911 3
8216 12292 3
8218 35515 3
8224 34567 3
8228 26070 3
8229 25325 3
8232 3939 3
8233 14696 3
8234 6605 3
8237 14031 3
8239 8905 3
8242 12825 3
8245 543 3
8247 21158 3
8248 31061 3
8249 17323 3
8254 19070 3
8256 12374 3
8257 2934 3
8259 18158 3
8263 20879 3
8264 24130 3
8268 17076 3
8269 20668 3
8272 26084 3
8273 12850 3
8277 24272 3
8279 284 3
8280 26981 3
8281 25985 3
8283 12905 3
8284 4863 3
8285 2599 3
8286 18776 3
8287 6292 3
8290 14797 3
8294 1402 3
8295 5234 3
8301 23455 3
8304 1295 3
8315 2187 3
8316 973 3
8318 3668 3
8321 9661 3
8322 12553 3
8323 23734 3
8327 18857 3
8328 16046 3
8329 13143 3
8330 5570 3
8334 2341 3
8336 19991 3
8341 6360 3
8345 15899 3
8347 20598 3
8351 10989 3
8352 5389 3
8354 30619 3
8357 18765 3
8359 25611 3
8361 7649 3
8368 1948 3
8369 4084 3
8371 271 3
8372 15826 3
8375 11582 3
8376 11409 3
8377 2339 3
8380 29972 3
8383 27775 3
8384 35528 3
8388 14095 3
8389 15056 3
8390 6564 3
8395 3022 3
8398 7810 3
8402 16481 3
8405 14203 3
8408 16971 3
8410 6814 3
8412 7459 3
8415 17466 3
8416 25415 3
8421 1904 3
8422 29215 3
8426 19418 3
8427 18334 3
8428 29983 3
8432 18527 3
8435 9901 3
8437 21991 3
8438 906 3
8439 19150 3
8440 5429 3
8443 33019 3
8444 2980 3
8445 31357 3
8447 29314 3
8448 14410 3
8452 6175 3
8462 297 3
8465 297 3
8475 27929 3
8476 4971 3
8481 34969 3
8482 25940 3
8486 13886 3
8487 5751 3
8489 32235 3
8491 31945 3
8493 1546 3
8495 25820 3
8496 9901 3
8499 2317 3
8503 35093 3
8504 29064 3
8505 20791 3
8506 22106 3
8511 29249 3
8515 10333 3
8519 23503 3
8521 5429 3
8522 3364 3
8529 25197 3
8531 4572 3
8532 32555 3
8538 22881 3
8542 12086 3
8546 28516 3
8547 12336 3
8554 1328 3
8555 8918 3
8557 11378 3
8560 30191 3
8561 1607 3
8566 8424 3
8567 6677 3
8575 26623 3
8578 4842 3
8581 16692 3
8582 31813 3
8584 30664 3
8585 13197 3
8590 28231 3
8592 28242 3
8597 18115 3
8599 7870 3
8603 7800 3
8606 931 3
8611 250 3
8613 13479 3
8615 4581 3
8619 339 3
8622 4311 3
8625 21222 3
8633 23741 3
8635 13433 3
8636 7332 3
8640 7930 3
8649 15337 3
8653 11477 3
8655 31516 3
8656 18590 3
8660 21312 3
8661 32904 3
8662 21766 3
8667 14218 3
8672 20372 3
8674 6212 3
8676 853 3
8681 19045 3
8683 19030 3
8685 24415 3
8686 10950 3
8687 1422 3
8688 15061 3
8689 12060 3
8690 14912 3
8696 2381 3
8700 24536 3
8703 33652 3
8709 25661 3
8710 20889 3
8712 35577 3
8714 6847 3
8718 31592 3
8719 9392 3
8721 14145 3
8723 23707 3
8725 5867 3
8726 34336 3
8729 21419 3
8731 11564 3
8732 22067 3
8743 8904 3
8746 9719 3
8750 4718 3
8752 28408 3
8754 861 3
8755 27855 3
8760 8349 3
8764 31700 3
8767 32834 3
8779 5499 3
8780 26120 3
8783 14098 3
8784 17218 3
8785 972 3
8787 22030 3
8790 9758 3
8791 23704 3
8795 8954 3
8805 12146 3
8806 35392 3
8808 33225 3
8809 18160 3
8810 13861 3
8812 9067 3
8813 7164 3
8815 498 3
8821 19440 3
8827 12376 3
8833 10350 3
8837 32325 3
8838 13516 3
8844 12924 3
8845 44 3
8849 16383 3
8851 16511 3
8852 1338 3
8856 12952 3
8857 28309 3
8861 35596 3
8862 1188 3
8864 13485 3
8868 32140 3
8869 18463 3
8871 15070 3
8872 2462 3
8873 27676 3
8875 8498 3
8876 27898 3
8877 27207 3
8878 24120 3
8880 20047 3
8889 6238 3
8891 11331 3
8894 10747 3
8897 4041 3
8899 29097 3
8900 16398 3
8902 15894 3
8909 34505 3
8910 18960 3
8914 1555 3
8918 18666 3
8919 1967 3
8921 20084 3
8925 30689 3
8931 5047 3
8932 32961 3
8933 29286 3
8935 2871 3
8936 19922 3
8938 915 3
8945 15263 3
8947 27798 3
8950 26827 3
8951 24336 3
8953 5342 3
8955 9902 3
8959 21143 3
8960 7050 3
8962 22473 3
8965 9025 3
8967 17713 3
8969 25999 3
8972 14218 3
8973 2482 3
8982 25315 3
8983 3573 3
8988 2188 3
8992 20860 3
9000 6534 3
9005 11166 3
9006 33883 3
9007 5907 3
9010 2755 3
9014 6077 3
9016 17610 3
9019 20460 3
9020 14605 3
9022 546 3
9024 29837 3
9026 25937 3
9034 7309 3
9036 25904 3
9038 2739 3
9041 23555 3
9042 8779 3
9047 8341 3
9048 14192 3
9050 17365 3
9057 11905 3
9059 7932 3
9062 32187 3
9063 17903 3
9064 34671 3
9066 20412 3
9068 16184 3
9069 24490 3
9074 23155 3
9076 26212 3
9087 8300 3
9094 1948 3
9096 8827 3
9097 12173 3
9108 3882 3
9110 18241 3
9115 33041 3
9120 10260 3
9123 27952 3
9125 24141 3
9127 2880 3
9129 16956 3
9131 15117 3
9134 26572 3
9135 7123 3
9138 3358 3
9140 1843 3
9146 14008 3
9147 30636 3
9148 17438 3
9160 7203 3
9162 11307 3
9167 11515 3
9171 11577 3
9173 5469 3
9174 19063 3
9176 2956 3
9187 15741 3
9192 9489 3
9195 16488 3
9200 6356 3
9201 11444 3
9202 11645 3
9204 1521 3
9205 10697 3
9206 8892 3
9210 6753 3
9215 26176 3
9216 18150 3
9221 19437 3
9226 20333 3
9228 8777 3
9229 7329 3
9231 21137 3
9233 15058 3
9236 28716 3
9237 27948 3
9240 10039 3
9245 9014 3
9246 10804 3
9247 20225 3
9252 16728 3
9253 12340 3
9254 3970 3
9255 23728 3
9260 31872 3
9261 32955 3
9265 11883 3
9269 6209 3
9271 26371 3
9276 21401 3
9279 27562 3
9287 16779 3
9290 18526 3
9292 18646 3
9294 2934 3
9302 28498 3
9303 13286 3
9305 26280 3
9306 11557 3
9310 656 3
9313 12928 3
9314 15327 3
9317 14782 3
9323 30611 3
9329 30228 3
9331 17101 3
9333 2089 3
9335 1914 3
9337 30438 3
9339 10993 3
9340 4653 3
9347 7836 3
9350 17006 3
9353 13056 3
9354 708 3
9360 29887 3
9362 34596 3
9366 3601 3
9370 28244 3
9373 12032 3
9376 28779 3
9379 28236 3
9380 214 3
9384 14614 3
9385 26567 3
9390 25834 3
9395 13941 3
9398 8579 3
9404 20415 3
9412 2217 3
9423 9365 3
9427 28810 3
9434 17620 3
9442 28094 3
9443 26454 3
9444 1948 3
9445 27587 3
9447 32926 3
9449 25235 3
9455 29182 3
9457 12907 3
9458 32323 3
9459 13378 3
9460 297 3
9465 7036 3
9467 32343 3
9470 19838 3
9471 5130 3
9475 13738 3
9480 1436 3
9487 22471 3
9488 24449 3
9489 14415 3
9491 19125 3
9499 34066 3
9503 14960 3
9505 3076 3
9508 11271 3
9510 20455 3
9519 33365 3
9525 6073 3
9531 13931 3
9538 2739 3
9541 297 3
9543 12651 3
9547 14392 3
9549 16362 3
9552 6991 3
9553 26540 3
9557 27943 3
9559 3297 3
9561 26591 3
9564 19722 3
9573 28083 3
9576 32272 3
9579 832 3
9582 3649 3
9583 17457 3
9586 1558 3
9587 33635 3
9588 1690 3
9589 15327 3
9591 10323 3
9594 8338 3
9600 28015 3
9601 14208 3
9603 13116 3
9607 25410 3
9609 15050 3
9611 26501 3
9612 15220 3
9615 8291 3
9616 28212 3
9621 19584 3
9622 27258 3
9623 8434 3
9624 13626 3
9626 8288 3
9629 3270 3
9632 16069 3
9639 14374 3
9642 8301 3
9643 16368 3
9646 22971 3
9651 933 3
9652 1915 3
9655 2180 3
9657 21330 3
9659 11842 3
9660 24486 3
9662 14793 3
9665 25212 3
9668 13480 3
9669 934 3
9673 6929 3
9676 2739 3
9681 1408 3
9682 912 3
9683 17303 3
9684 1776 3
9686 2380 3
9687 11445 3
9693 12447 3
9696 9858 3
9699 25201 3
9702 8550 3
9709 18300 3
9717 30336 3
9719 24889 3
9733 1948 3
9734 7686 3
9736 19380 3
9741 29200 3
9743 4322 3
9750 17375 3
9754 12812 3
9757 17639 3
9761 33483 3
9764 25880 3
9765 16865 3
9766 5967 3
9767 16984 3
9770 32009 3
9777 5507 3
9781 8424 3
9783 12575 3
9790 17768 3
9791 7035 3
9792 15346 3
9793 8153 3
9794 30648 3
9804 18020 3
9805 18411 3
9808 5239 3
9809 11531 3
9813 988 3
9816 23049 3
9817 12841 3
9823 6794 3
9828 21647 3
9831 18188 3
9834 8799 3
9836 35120 3
9837 8672 3
9842 516 3
9846 24758 3
9851 450 3
9853 5052 3
9855 2424 3
9859 17984 3
9860 21065 3
9870 2550 3
9871 10543 3
9874 25422 3
9879 7710 3
9884 26018 3
9889 25422 3
9890 2511 3
9891 10989 3
9894 101 3
9895 14538 3
9900 1473 3
9902 34570 3
9910 5601 3
9917 14683 3
9919 34517 3
9921 56 3
9922 30651 3
9928 16794 3
9929 2755 3
9934 24628 3
9935 7038 3
9939 34255 3
9940 7611 3
9941 15969 3
9944 32384 3
9951 5689 3
9958 19100 3
9960 12962 3
9972 16313 3
9973 16989 3
9982 19901 3
9983 400 3
9986 9155 3
9989 7506 3
9990 17871 3
9992 24772 3
9994 27528 3
9995 31818 3
9996 6880 3
9997 938 3
9999 34647 3
10001 29779 3
10004 18949 3
10010 13975 3
10012 21959 3
10016 1653 3
10018 17010 3
10019 8003 3
10024 16655 3
10025 8414 3
10028 8292 3
10031 13212 3
10034 29456 3
10036 16762 3
10039 15294 3
10043 13562 3
10044 25943 3
10048 23707 3
10050 23865 3
10051 32805 3
10053 695 3
10058 28182 3
10061 4366 3
10062 12058 3
10063 10605 3
10064 2658 3
10065 6251 3
10066 1454 3
10068 31505 3
10069 34466 3
10073 6991 3
10076 4407 3
10077 7364 3
10079 23939 3
10084 28328 3
10085 915 3
10089 19495 3
10090 15782 3
10091 33913 3
10092 1338 3
10093 33025 3
10098 523 3
10101 7768 3
10102 7198 3
10105 1925 3
10106 11729 3
10109 18764 3
10113 1506 3
10116 16627 3
10119 3193 3
10120 8907 3
10126 17080 3
10133 22128 3
10134 15509 3
10137 11662 3
10138 27488 3
10139 17007 3
10142 8999 3
10147 14598 3
10148 13338 3
10152 27174 3
10153 7094 3
10155 1684 3
10156 9588 3
10157 18055 3
10158 17705 3
10161 20316 3
10162 4634 3
10164 1125 3
10165 13726 3
10168 23177 3
10169 15287 3
10171 9901 3
10173 33890 3
10175 14091 3
10176 20114 3
10177 21419 3
10180 22042 3
10185 4540 3
10188 21005 3
10191 1964 3
10193 11564 3
10195 4885 3
10198 32886 3
10199 15531 3
10202 14899 3
10211 7090 3
10216 23044 3
10220 8060 3
10230 23718 3
10232 17510 3
10234 12485 3
10239 23249 3
10241 1244 3
10243 9677 3
10244 24962 3
10246 3750 3
10255 15497 3
10256 81 3
10258 9021 3
10259 25820 3
10260 3031 3
10263 21802 3
10264 10959 3
10266 497 3
10269 17606 3
10270 25941 3
10271 32207 3
10273 12531 3
10275 681 3
10278 17400 3
10280 20402 3
10283 886 3
10287 3483 3
10293 93 3
10294 32436 3
10296 5429 3
10297 20867 3
10298 942 3
10299 3915 3
10300 5372 3
10301 16188 3
10305 19539 3
10309 20467 3
10313 27595 3
10317 6660 3
10318 6022 3
10326 9419 3
10328 6733 3
10330 14108 3
10331 30469 3
10338 16596 3
10339 15782 3
10342 10402 3
10349 9996 3
10350 9991 3
10357 16172 3
10358 9617 3
10359 6077 3
10360 16415 3
10363 830 3
10364 8903 3
10365 1720 3
10368 97 3
10369 12296 3
10372 162 3
10373 1349 3
10374 31460 3
10375 31695 3
10377 11386 3
10379 21583 3
10381 27891 3
10382 24213 3
10385 525 3
10386 13737 3
10387 23299 3
10395 14095 3
10397 18385 3
10398 30413 3
10400 22724 3
10401 18196 3
10404 14030 3
10407 12322 3
10409 23979 3
10413 11829 3
10418 7992 3
10420 14689 3
10426 1111 3
10429 35263 3
10430 22251 3
10432 3745 3
10436 6493 3
10439 17200 3
10441 9515 3
10444 13121 3
10449 11347 3
10452 1807 3
10466 19632 3
10467 22018 3
10468 22555 3
10470 23906 3
10471 29837 3
10474 27495 3
10480 28177 3
10482 5136 3
10483 17975 3
10486 26444 3
10487 1720 3
10490 17484 3
10491 16857 3
10492 28201 3
10493 17873 3
10494 30879 3
10497 6356 3
10506 17000 3
10509 34351 3
10512 11852 3
10514 11531 3
10516 8708 3
10519 4565 3
10520 8265 3
10524 9054 3
10526 22070 3
10530 14212 3
10533 13039 3
10534 7807 3
10535 25843 3
10536 23134 3
10537 660 3
10541 19227 3
10542 17590 3
10545 24362 3
10547 7383 3
10548 21445 3
10549 15105 3
10551 4763 3
10553 3754 3
10555 29347 3
10556 4729 3
10557 11698 3
10559 31790 3
10562 23572 3
10563 32284 3
10564 1783 3
10566 11925 3
10572 11743 3
10579 35603 3
10580 3406 3
10581 30105 3
10585 33792 3
10586 7740 3
10588 31480 3
10589 151 3
10590 25377 3
10596 19067 3
10598 22712 3
10606 5681 3
10607 21091 3
10609 17455 3
10612 31913 3
10614 16814 3
10616 28890 3
10617 31208 3
10618 26812 3
10619 19119 3
10620 10936 3
10622 17508 3
10625 21170 3
10627 297 3
10629 18360 3
10633 32959 3
10634 14969 3
10636 1140 3
10638 9227 3
10639 327 3
10644 11669 3
10648 2550 3
10651 18266 3
10657 15177 3
10662 11076 3
10663 10150 3
10666 10626 3
10668 15231 3
10672 10359 3
10673 21163 3
10676 24683 3
10679 10089 3
10681 3682 3
10684 25787 3
10685 32120 3
10689 28397 3
10693 23573 3
10694 13587 3
10697 28969 3
10698 6190 3
10701 17807 3
10703 10595 3
10705 23124 3
10707 26539 3
10708 22833 3
10709 20879 3
10710 2763 3
10713 20407 3
10714 4622 3
10717 9942 3
10719 26466 3
10723 915 3
10727 16615 3
10729 2954 3
10730 4402 3
10732 446 3
10734 532 3
10735 14447 3
10737 3533 3
10740 15065 3
10741 32640 3
10748 25339 3
10752 111 3
10753 4471 3
10756 468 3
10757 9240 3
10758 32330 3
10761 14667 3
10768 8908 3
10770 34537 3
10774 7977 3
10775 3105 3
10777 30131 3
10778 22713 3
10779 6916 3
10783 1949 3
10785 8157 3
10787 13097 3
10790 14150 3
10795 12062 3
10800 3117 3
10805 29003 3
10806 4947 3
10815 7936 3
10816 27561 3
10820 5644 3
10822 9156 3
10823 10083 3
10825 5346 3
10826 4499 3
10827 10639 3
10831 26885 3
10833 237 3
10835 17872 3
10837 20102 3
10838 15787 3
10844 8728 3
10845 22750 3
10849 13110 3
10850 5429 3
10852 31130 3
10853 12513 3
10854 34362 3
10856 30583 3
10864 24645 3
10871 19677 3
10878 851 3
10882 22803 3
10885 22503 3
10887 29695 3
10888 22972 3
10890 35233 3
10893 20866 3
10895 11857 3
10899 16808 3
10914 17366 3
10916 31665 3
10918 2026 3
10921 22169 3
10929 9995 3
10932 13451 3
10934 12255 3
10940 15255 3
10941 3656 3
10942 34326 3
10943 2835 3
10945 34086 3
10948 3229 3
10949 957 3
10951 30572 3
10952 27450 3
10954 4751 3
10958 4640 3
10960 9033 3
10966 7959 3
10967 13994 3
10968 26751 3
10970 9584 3
10972 21116 3
10975 12223 3
10982 11661 3
10986 31246 3
10996 6101 3
10997 12214 3
11000 12875 3
11003 13705 3
11007 10593 3
11009 26406 3
11012 1628 3
11013 33629 3
11015 1395 3
11019 5856 3
11021 29575 3
11026 16161 3
11030 9058 3
11031 21017 3
11033 31559 3
11037 11332 3
11045 20762 3
11048 20199 3
11058 22321 3
11060 8002 3
11061 14529 3
11068 297 3
11070 24350 3
11072 31160 3
11080 29625 3
11088 4631 3
11096 6229 3
11100 16719 3
11102 26950 3
11103 27373 3
11104 3548 3
11110 34432 3
11111 11714 3
11113 3500 3
11115 7171 3
11117 17597 3
11118 33662 3
11119 17365 3
11121 30531 3
11126 5372 3
11128 5375 3
11132 31056 3
11133 35551 3
11134 27925 3
11135 15318 3
11136 21683 3
11139 10359 3
11141 13593 3
11143 3932 3
11144 844 3
11146 17249 3
11147 17006 3
11150 4389 3
11151 4910 3
11154 4924 3
11165 20036 3
11166 29676 3
11170 26166 3
11172 6160 3
11176 28072 3
11177 16154 3
11179 30581 3
11181 25605 3
11182 4169 3
11187 17410 3
11191 26106 3
11192 34224 3
11197 295 3
11200 7870 3
11203 28397 3
11204 13095 3
11209 3630 3
11215 20793 3
11216 4385 3
11218 7143 3
11227 28741 3
11231 21622 3
11235 1410 3
11239 5159 3
11246 6606 3
11247 14096 3
11248 7182 3
11250 26789 3
11259 2934 3
11261 6660 3
11263 9870 3
11267 11087 3
11269 2212 3
11270 11596 3
11274 15838 3
11275 6086 3
11277 23098 3
11278 523 3
11281 25841 3
11284 17736 3
11286 15557 3
11287 5372 3
11288 26983 3
11290 29339 3
11296 17721 3
11300 23579 3
11301 2410 3
11302 30233 3
11305 14917 3
11306 20194 3
11307 9809 3
11309 3567 3
11311 5031 3
11314 19084 3
11316 5850 3
11317 4494 3
11320 24551 3
11325 16584 3
11327 1773 3
11331 25507 3
11334 2467 3
11335 11579 3
11336 3362 3
11339 3601 3
11341 6333 3
11347 11906 3
11349 26421 3
11352 1948 3
11353 18428 3
11360 21387 3
11361 20325 3
11363 237 3
11366 297 3
11370 13065 3
11374 12476 3
11376 297 3
11377 6182 3
11378 20640 3
11381 6864 3
11384 7081 3
11386 20962 3
11387 25087 3
11393 27346 3
11396 8071 3
11397 24875 3
11398 32939 3
11401 23067 3
11403 2089 3
11405 16717 3
11407 1757 3
11409 29069 3
11410 22011 3
11413 599 3
11414 235 3
11419 35071 3
11426 22031 3
11428 32568 3
11433 9037 3
11438 27318 3
11439 31349 3
11441 16951 3
11442 33149 3
11444 2395 3
11445 32448 3
11446 15368 3
11452 31999 3
11453 23178 3
11454 22920 3
11463 17892 3
11466 32001 3
11468 28429 3
11470 28182 3
11473 29235 3
11476 621 3
11479 24159 3
11485 4363 3
11488 7436 3
11492 1079 3
11497 27684 3
11500 13787 3
11503 8276 3
11509 17779 3
11514 15973 3
11515 32223 3
11516 27572 3
11518 27406 3
11522 26072 3
11523 2580 3
11532 19901 3
11535 8807 3
11542 20942 3
11544 281 3
11546 16127 3
11549 10548 3
11553 3270 3
11555 849 3
11560 828 3
11563 11174 3
11566 8500 3
11567 32129 3
11570 35659 3
11571 13144 3
11572 15291 3
11573 17094 3
11574 18357 3
11577 13619 3
11579 28526 3
11580 11971 3
11583 11885 3
11587 7773 3
11588 23395 3
11590 34411 3
11592 12736 3
11593 20750 3
11594 20609 3
11602 1324 3
11604 23737 3
11608 35289 3
11610 23847 3
11612 5779 3
11614 5023 3
11620 852 3
11623 27185 3
11628 11780 3
11630 2776 3
11632 35585 3
11633 22146 3
11638 7637 3
11641 10878 3
11642 4525 3
11645 25673 3
11648 10534 3
11649 33898 3
11651 4450 3
11653 23665 3
11656 22103 3
11658 6930 3
11665 14995 3
11667 10914 3
11674 22821 3
11676 5372 3
11680 7373 3
11684 14206 3
11686 11037 3
11688 11647 3
11692 25746 3
11694 17895 3
11695 11260 3
11697 35685 3
11698 12144 3
11701 3364 3
11704 29304 3
11705 29284 3
11707 15557 3
11708 25454 3
11709 26757 3
11713 7872 3
11715 17468 3
11716 22130 3
11718 17596 3
11720 28612 3
11722 20504 3
11729 19191 3
11733 18455 3
11735 3557 3
11749 8668 3
11750 12175 3
11751 14332 3
11752 32294 3
11753 28079 3
11754 14005 3
11756 8878 3
11758 3573 3
11760 4779 3
11765 14051 3
11770 20489 3
11771 5848 3
11772 14805 3
11773 1613 3
11774 9874 3
11777 8984 3
11785 11869 3
11786 31339 3
11789 20311 3
11791 22488 3
11798 8330 3
11801 333 3
11805 14100 3
11808 32333 3
11810 4706 3
11818 19610 3
11820 542 3
11823 11046 3
11827 18448 3
11829 25063 3
11831 14974 3
11832 21055 3
11833 2627 3
11839 10070 3
11840 10710 3
11850 12960 3
11853 686 3
11855 23744 3
11856 30133 3
11860 5328 3
11864 10210 3
11866 23902 3
11867 173 3
11869 26568 3
11871 411 3
11872 20455 3
11873 24047 3
11874 9962 3
11875 8219 3
11877 26110 3
11879 21526 3
11886 34288 3
11891 25892 3
11893 6709 3
11895 34493 3
11899 17311 3
11901 18040 3
11903 13587 3
11906 18792 3
11909 11072 3
11910 22752 3
11912 27747 3
11914 16908 3
11915 34942 3
11916 33020 3
11917 860 3
11918 27455 3
11920 23970 3
11924 2862 3
11928 12384 3
11931 34371 3
11933 6496 3
11934 1633 3
11935 7869 3
11940 2550 3
11943 15072 3
11945 6923 3
11955 32997 3
11956 14415 3
11957 26373 3
11961 18290 3
11965 21195 3
11967 14797 3
11972 28467 3
11974 14577 3
11975 19118 3
11976 29870 3
11981 20917 3
11983 9347 3
11991 18500 3
11997 22041 3
12002 15956 3
12006 12427 3
12008 22814 3
12010 18207 3
12011 8815 3
12013 23772 3
12014 12413 3
12019 24491 3
12020 22098 3
12021 27788 3
12025 19583 3
12029 28359 3
12033 8860 3
12035 27517 3
12037 34025 3
12040 34584 3
12041 30740 3
12045 13438 3
12051 28393 3
12054 22438 3
12061 29279 3
12065 27103 3
12068 29211 3
12069 297 3
12072 17738 3
12073 8181 3
12075 34418 3
12079 14312 3
12084 26766 3
12085 3348 3
12086 33351 3
12088 33066 3
12091 8572 3
12092 25339 3
12093 35608 3
12099 27176 3
12102 34677 3
12103 19465 3
12106 10172 3
12107 781 3
12111 22302 3
12112 17711 3
12113 13110 3
12114 16739 3
12119 25741 3
12121 33619 3
12122 9518 3
12123 2107 3
12131 8884 3
12132 7659 3
12137 24092 3
12138 9799 3
12142 25813 3
12149 12747 3
12151 9015 3
12154 17507 3
12157 33149 3
12160 30218 3
12162 34788 3
12164 4558 3
12165 19718 3
12170 6153 3
12171 32120 3
12176 26073 3
12181 996 3
12183 16807 3
12184 11644 3
12192 21908 3
12199 9690 3
12201 1605 3
12202 22131 3
12203 14101 3
12204 28692 3
12205 1929 3
12211 21134 3
12212 4832 3
12213 933 3
12214 2948 3
12216 1571 3
12217 17377 3
12220 23706 3
12221 12969 3
12222 19486 3
12224 5104 3
12227 1197 3
12233 32059 3
12236 12976 3
12237 19994 3
12242 7666 3
12244 15273 3
12245 26328 3
12246 3592 3
12250 19436 3
12251 23258 3
12252 27411 3
12254 18722 3
12255 27579 3
12256 25432 3
12258 17963 3
12259 557 3
12260 4699 3
12261 17461 3
12264 10526 3
12266 32626 3
12270 21781 3
12271 4160 3
12272 3266 3
12273 14445 3
12276 4594 3
12279 23178 3
12281 28576 3
12286 35839 3
12293 13489 3
12294 12982 3
12301 15311 3
12302 17569 3
12309 4888 3
12311 14662 3
12313 33263 3
12314 1238 3
12315 13437 3
12316 7315 3
12320 33542 3
12321 1514 3
12322 35550 3
12323 14929 3
12326 34958 3
12329 17447 3
12330 19945 3
12331 7423 3
12332 6530 3
12337 6823 3
12339 22836 3
12342 24763 3
12343 4130 3
12346 18102 3
12347 7315 3
12351 19547 3
12352 14212 3
12356 10739 3
12359 934 3
12361 18808 3
12363 31632 3
12367 35674 3
12371 16587 3
12375 33001 3
12376 9566 3
12387 34850 3
12391 15782 3
12392 6660 3
12393 5764 3
12397 2942 3
12404 22335 3
12407 12361 3
12408 31016 3
12410 6764 3
12415 5367 3
12416 10325 3
12418 8259 3
12419 31144 3
12420 20758 3
12421 11968 3
12424 3370 3
12432 5688 3
12438 6316 3
12439 2548 3
12442 7158 3
12450 26185 3
12451 9918 3
12454 16555 3
12456 26998 3
12461 31081 3
12469 14237 3
12476 24604 3
12478 7199 3
12479 15232 3
12483 16602 3
12484 34261 3
12488 18454 3
12491 35115 3
12493 26354 3
12494 17980 3
12495 34434 3
12496 18234 3
12505 7650 3
12506 16627 3
12508 31136 3
12510 347 3
12513 7346 3
12514 3270 3
12529 11157 3
12530 27562 3
12531 29420 3
12533 32483 3
12535 4580 3
12539 136 3
12541 4974 3
12542 3393 3
12547 26028 3
12548 23806 3
12555 5243 3
12559 21493 3
12560 2752 3
12563 18005 3
12568 3550 3
12572 1577 3
12574 30763 3
12577 23288 3
12579 10575 3
12580 1161 3
12581 297 3
12587 17443 3
12588 17468 3
12589 14571 3
12590 12808 3
12591 22824 3
12593 64 3
12596 28380 3
12603 9622 3
12609 3754 3
12611 2883 3
12612 22724 3
12615 737 3
12617 19616 3
12620 9442 3
12623 21159 3
12636 16537 3
12639 7191 3
12640 25614 3
12643 4273 3
12646 7090 3
12649 17830 3
12656 8206 3
12657 29707 3
12660 11426 3
12661 3771 3
12662 35269 3
12663 6501 3
12666 32293 3
12667 12395 3
12669 13866 3
12673 21499 3
12676 1346 3
12680 14761 3
12684 27174 3
12685 7557 3
12686 19225 3
12691 5923 3
12693 10888 3
12697 14181 3
12698 27505 3
12700 14651 3
12701 7125 3
12704 15917 3
12708 27401 3
12709 18496 3
12713 1183 3
12718 19126 3
12723 33653 3
12725 14095 3
12729 18959 3
12730 25183 3
12734 6443 3
12735 2061 3
12736 1949 3
12737 20944 3
12740 8378 3
12741 14816 3
12743 3595 3
12748 8605 3
12749 28878 3
12752 31817 3
12756 22709 3
12760 5613 3
12762 16127 3
12765 14410 3
12766 6007 3
12768 32357 3
12772 297 3
12777 1779 3
12778 1452 3
12782 14459 3
12785 24245 3
12786 21454 3
12787 1744 3
12788 12368 3
12789 10134 3
12791 20423 3
12793 7686 3
12794 13372 3
12795 18781 3
12798 1544 3
12802 6201 3
12803 12675 3
12805 19126 3
12806 6104 3
12810 25109 3
12812 27311 3
12813 5452 3
12816 7372 3
12821 1299 3
12822 26071 3
12823 7686 3
12826 25580 3
12827 33044 3
12831 5941 3
12834 10885 3
12836 8201 3
12838 6822 3
12839 26926 3
12846 11641 3
12848 933 3
12852 18328 3
12854 3527 3
12856 18470 3
12859 30325 3
12861 23872 3
12864 17657 3
12865 8968 3
12866 7341 3
12868 24590 3
12870 2474 3
12872 2195 3
12873 972 3
12880 12812 3
12881 2785 3
12883 2095 3
12884 10498 3
12885 26080 3
12887 31293 3
12894 191 3
12896 34697 3
12899 3446 3
12900 454 3
12904 32987 3
12905 2437 3
12908 12368 3
12909 24124 3
12910 3402 3
12913 9217 3
12914 7693 3
12921 24885 3
12922 18516 3
12928 9313 3
12929 17065 3
12935 12387 3
12936 33573 3
12937 16010 3
12944 11388 3
12945 28186 3
12949 933 3
12952 28483 3
12956 11838 3
12958 10973 3
12959 23911 3
12962 1968 3
12965 21561 3
12969 11911 3
12970 31995 3
12973 695 3
12976 18862 3
12977 9926 3
12978 2451 3
12979 9341 3
12981 12381 3
12985 23579 3
12986 23918 3
12988 621 3
12991 17065 3
12993 9340 3
12997 14876 3
12998 23506 3
13005 1354 3
13010 17063 3
13012 9890 3
13014 6021 3
13015 4214 3
13016 2511 3
13017 33073 3
13019 18836 3
13020 4217 3
13024 25325 3
13025 2664 3
13026 3048 3
13027 6186 3
13031 8357 3
13032 27410 3
13033 26762 3
13035 18878 3
13037 10614 3
13039 8613 3
13041 3366 3
13042 33897 3
13043 32989 3
13046 12001 3
13051 31046 3
13052 4432 3
13057 9491 3
13058 6086 3
13060 15019 3
13063 1536 3
13065 24802 3
13066 20189 3
13070 20137 3
13072 22291 3
13073 16633 3
13074 35841 3
13075 3461 3
13084 19682 3
13091 30733 3
13100 478 3
13101 28012 3
13103 27810 3
13105 28537 3
13119 24048 3
13128 6193 3
13134 1144 3
13139 15289 3
13140 14077 3
13141 1761 3
13142 6212 3
13144 13775 3
13147 11856 3
13151 19786 3
13156 260 3
13158 4380 3
13159 14985 3
13161 33811 3
13169 13845 3
13172 5643 3
13174 921 3
13179 6103 3
13181 15987 3
13183 6684 3
13184 4527 3
13185 14932 3
13186 15921 3
13189 2151 3
13193 14 3
13195 13391 3
13197 10557 3
13200 1570 3
13209 9020 3
13211 14576 3
13213 15508 3
13217 15169 3
13218 32808 3
13229 27130 3
13232 27334 3
13234 17874 3
13239 30768 3
13241 31312 3
13246 18611 3
13249 7154 3
13253 28889 3
13255 31958 3
13266 2426 3
13267 11700 3
13271 22969 3
13282 4884 3
13283 24297 3
13284 8251 3
13286 7570 3
13288 20352 3
13289 15147 3
13293 15690 3
13294 2749 3
13297 30097 3
13299 19860 3
13303 16471 3
13304 14698 3
13306 23572 3
13308 22431 3
13309 3500 3
13312 26375 3
13314 32152 3
13316 20577 3
13317 29685 3
13319 388 3
13327 10651 3
13329 26482 3
13340 16065 3
13343 16879 3
13346 1097 3
13347 15395 3
13349 7591 3
13351 8636 3
13353 437 3
13357 24537 3
13360 2225 3
13361 16920 3
13362 7538 3
13363 11443 3
13366 12443 3
13367 27025 3
13371 34372 3
13372 595 3
13373 572 3
13374 32055 3
13375 53 3
13376 297 3
13382 14095 3
13384 17052 3
13389 5779 3
13390 27204 3
13391 5372 3
13394 30406 3
13396 10683 3
13399 21170 3
13400 4356 3
13402 18794 3
13407 31571 3
13409 18179 3
13411 9485 3
13412 2576 3
13413 14697 3
13414 7035 3
13415 10069 3
13419 3007 3
13423 847 3
13428 27538 3
13431 22862 3
13442 18641 3
13443 4214 3
13446 8908 3
13448 1655 3
13450 35252 3
13451 29643 3
13452 1356 3
13456 17939 3
13459 10452 3
13460 1635 3
13462 13705 3
13463 25375 3
13467 23572 3
13470 4309 3
13472 28907 3
13473 10222 3
13474 20457 3
13475 14910 3
13476 1548 3
13477 35129 3
13480 2360 3
13481 2310 3
13484 15026 3
13486 14353 3
13487 32268 3
13488 24483 3
13490 24469 3
13493 16129 3
13497 3754 3
13498 18435 3
13499 18921 3
13504 16017 3
13506 21144 3
13507 1157 3
13509 25446 3
13513 16716 3
13515 4666 3
13516 6859 3
13518 7873 3
13520 33884 3
13525 9670 3
13532 27571 3
13533 25869 3
13534 24533 3
13536 18439 3
13541 9544 3
13542 35348 3
13545 10668 3
13546 23894 3
13549 27026 3
13550 8330 3
13551 16240 3
13553 11814 3
13554 34131 3
13556 10517 3
13559 19534 3
13562 3777 3
13563 20177 3
13566 6626 3
13569 35577 3
13578 22847 3
13579 16740 3
13581 28416 3
13585 16375 3
13586 9616 3
13590 3161 3
13591 6660 3
13593 28977 3
13594 9022 3
13596 18926 3
13597 15595 3
13598 20314 3
13599 11371 3
13604 18709 3
13606 24574 3
13607 2244 3
13608 26762 3
13612 4526 3
13617 11331 3
13618 14095 3
13620 28939 3
13621 27486 3
13623 25742 3
13624 1948 3
13625 35874 3
13626 18424 3
13627 27698 3
13629 1516 3
13631 7079 3
13633 18428 3
13634 21457 3
13635 3726 3
13636 27155 3
13638 9900 3
13641 27292 3
13642 20043 3
13644 271 3
13649 1035 3
13650 31396 3
13652 28053 3
13657 2934 3
13659 2137 3
13662 18754 3
13663 15785 3
13666 32173 3
13667 9871 3
13671 14595 3
13672 6275 3
13675 7293 3
13679 23802 3
13686 13017 3
13687 15608 3
13690 8823 3
13700 2550 3
13703 17989 3
13704 6031 3
13707 5630 3
13708 25405 3
13709 7863 3
13711 22285 3
13713 1975 3
13715 6703 3
13722 4402 3
13724 2836 3
13725 1437 3
13730 19038 3
13734 26681 3
13736 13287 3
13738 6412 3
13741 14653 3
13742 4812 3
13744 2360 3
13752 13705 3
13756 15300 3
13758 852 3
13765 3314 3
13766 25045 3
13768 24648 3
13769 31019 3
13770 3587 3
13775 6201 3
13784 27751 3
13786 8064 3
13787 22554 3
13788 28287 3
13789 24342 3
13792 9835 3
13797 27459 3
13799 13692 3
13800 17892 3
13801 34262 3
13815 15526 3
13818 1436 3
13819 31655 3
13822 28929 3
13825 33492 3
13831 6031 3
13832 15725 3
13834 33408 3
13835 14960 3
13841 31211 3
13842 13701 3
13846 31409 3
13847 4652 3
13849 9959 3
13850 33710 3
13853 19929 3
13855 31788 3
13858 812 3
13859 23273 3
13860 10814 3
13861 26502 3
13867 9988 3
13870 19427 3
13875 27397 3
13877 4016 3
13879 27571 3
13881 911 3
13882 30721 3
13883 32737 3
13884 10282 3
13886 8564 3
13887 3252 3
13895 20791 3
13897 28697 3
13900 30784 3
13906 22758 3
13909 3649 3
13910 12906 3
13920 18638 3
13928 5945 3
13932 14190 3
13934 9220 3
13937 10463 3
13940 35827 3
13945 23582 3
13946 11902 3
13949 17774 3
13951 6924 3
13954 27562 3
13955 18325 3
13956 25233 3
13958 8544 3
13959 34768 3
13966 12431 3
13969 16893 3
13970 1308 3
13971 7374 3
13975 1584 3
13976 5373 3
13980 7994 3
13984 30901 3
13985 6398 3
13988 34458 3
13989 19913 3
14002 21376 3
14006 28147 3
14008 31900 3
14009 21168 3
14010 21388 3
14013 23636 3
14014 14318 3
14015 28239 3
14017 33359 3
14019 4134 3
14022 24814 3
14023 28235 3
14025 9938 3
14026 10168 3
14028 6694 3
14030 7494 3
14033 15797 3
14041 14662 3
14054 2591 3
14062 28602 3
14064 16672 3
14067 1252 3
14068 22226 3
14071 28651 3
14075 35768 3
14077 1626 3
14081 14719 3
14083 24598 3
14089 10287 3
14091 25313 3
14094 8213 3
14096 5411 3
14098 35166 3
14099 10880 3
14100 7174 3
14104 13172 3
14107 7534 3
14109 31447 3
14111 26981 3
14117 1882 3
14119 10425 3
14120 98 3
14123 15833 3
14125 17996 3
14127 33344 3
14128 11892 3
14129 2597 3
14134 17260 3
14137 29966 3
14138 8742 3
14139 17819 3
14143 9852 3
14144 11410 3
14148 11257 3
14150 21072 3
14152 17979 3
14157 15985 3
14158 18378 3
14159 35133 3
14160 2026 3
14171 2757 3
14173 13646 3
14174 12223 3
14177 13039 3
14179 28211 3
14180 30126 3
14181 13777 3
14186 3484 3
14189 14532 3
14196 13475 3
14198 14095 3
14200 290 3
14202 20129 3
14205 5577 3
14206 23538 3
14209 1834 3
14211 26815 3
14212 33494 3
14214 7354 3
14219 6992 3
14220 20895 3
14222 9885 3
14226 20598 3
14228 33037 3
14229 12486 3
14233 16789 3
14235 20747 3
14236 12741 3
14239 21419 3
14241 28087 3
14247 4573 3
14253 33862 3
14257 2130 3
14259 13342 3
14260 29131 3
14261 22322 3
14262 13015 3
14264 343 3
14267 31405 3
14268 4238 3
14270 33795 3
14272 13891 3
14273 22522 3
14276 3979 3
14283 26936 3
14284 16377 3
14286 21321 3
14288 543 3
14289 20684 3
14294 35000 3
14297 27095 3
14298 29888 3
14300 28796 3
14302 9862 3
14303 2465 3
14305 7 3
14308 20426 3
14312 35223 3
14313 32959 3
14314 2294 3
14319 151 3
14325 9884 3
14327 10204 3
14328 28985 3
14329 4538 3
14332 20716 3
14333 9150 3
14336 13346 3
14337 1087 3
14338 6469 3
14346 11883 3
14354 6378 3
14359 14489 3
14360 8817 3
14361 9557 3
14363 6980 3
14364 33956 3
14371 12699 3
14375 29650 3
14379 12170 3
14383 32421 3
14386 11989 3
14388 2195 3
14390 23126 3
14395 10339 3
14399 5372 3
14400 30133 3
14402 9778 3
14404 33 3
14407 20407 3
14408 10698 3
14411 933 3
14413 22503 3
14414 5190 3
14421 25685 3
14428 10271 3
14431 12250 3
14433 15203 3
14440 7125 3
14441 23116 3
14442 8867 3
14446 9036 3
14447 4611 3
14449 2252 3
14450 19682 3
14453 6571 3
14455 909 3
14458 6660 3
14461 18615 3
14464 4594 3
14465 8993 3
14466 15360 3
14468 10926 3
14477 11409 3
14482 15453 3
14485 6779 3
14491 13643 3
14497 25851 3
14499 17356 3
14500 25557 3
14502 10414 3
14507 27722 3
14510 22430 3
14511 3542 3
14516 15213 3
14517 15958 3
14518 30786 3
14522 297 3
14527 5123 3
14531 11554 3
14533 5372 3
14547 27698 3
14552 25848 3
14554 12950 3
14556 6661 3
14557 8481 3
14559 32674 3
14562 26450 3
14565 25945 3
14566 19728 3
14567 12678 3
14572 31897 3
14577 33911 3
14578 26512 3
14582 7320 3
14584 13041 3
14585 10089 3
14586 23539 3
14588 1949 3
14589 29066 3
14591 14653 3
14595 28178 3
14597 14095 3
14598 34402 3
14602 12422 3
14603 14535 3
14604 20940 3
14605 23882 3
14609 12080 3
14611 9525 3
14613 15880 3
14614 13869 3
14615 9248 3
14618 20377 3
14625 10310 3
14627 23288 3
14629 170 3
14635 6201 3
14636 20079 3
14637 34325 3
14640 24765 3
14644 30459 3
14646 4611 3
14647 2482 3
14653 6715 3
14654 11267 3
14656 20723 3
14658 30827 3
14661 1520 3
14662 15613 3
14667 33896 3
14671 18822 3
14678 30761 3
14679 297 3
14680 8839 3
14681 21897 3
14682 7397 3
14683 15647 3
14684 8969 3
14685 11382 3
14689 4311 3
14691 7617 3
14692 33606 3
14697 33621 3
14699 24845 3
14702 20951 3
14704 10751 3
14709 6619 3
14718 14879 3
14720 24265 3
14721 16537 3
14734 5164 3
14735 915 3
14743 933 3
14747 2006 3
14749 1923 3
14753 7214 3
14754 8311 3
14755 10629 3
14756 15711 3
14757 8854 3
14759 25975 3
14760 14462 3
14763 12767 3
14768 20408 3
14769 6153 3
14770 22283 3
14771 7878 3
14774 5277 3
14776 24874 3
14777 14268 3
14783 19595 3
14788 29810 3
14791 2289 3
14795 12220 3
14801 8784 3
14802 17537 3
14807 2924 3
14809 3937 3
14810 10876 3
14813 27473 3
14814 30219 3
14817 32931 3
14818 16362 3
14821 23414 3
14825 20742 3
14837 1690 3
14840 14569 3
14845 16016 3
14848 12902 3
14850 18210 3
14853 7379 3
14855 1359 3
14856 16121 3
14858 27207 3
14861 6660 3
14863 297 3
14865 12261 3
14867 6615 3
14870 14715 3
14874 1751 3
14880 9148 3
14884 20082 3
14885 13730 3
14895 20849 3
14897 15801 3
14898 4228 3
14904 7213 3
14906 4653 3
14909 7238 3
14918 9827 3
14919 26401 3
14921 310 3
14922 15782 3
14923 2429 3
14925 13224 3
14926 8474 3
14928 23693 3
14931 35638 3
14933 11976 3
14934 6417 3
14935 29332 3
14936 3236 3
14938 18158 3
14939 5473 3
14940 14537 3
14942 18114 3
14947 5644 3
14949 4407 3
14952 4540 3
14954 30877 3
14956 29149 3
14962 34019 3
14964 227 3
14966 7352 3
14967 776 3
14970 31611 3
14972 24112 3
14977 28878 3
14980 403 3
14983 4215 3
14984 17018 3
14986 4594 3
14997 18766 3
14999 18609 3
15001 24549 3
15003 4572 3
15009 5371 3
15011 13073 3
15013 12374 3
15017 29454 3
15019 14926 3
15021 28590 3
15026 31366 3
15027 521 3
15028 5037 3
15032 32397 3
15033 327 3
15036 9362 3
15042 3314 3
15044 9568 3
15049 369 3
15050 14401 3
15051 1345 3
15052 25324 3
15053 30970 3
15060 22320 3
15061 8300 3
15062 1857 3
15067 13215 3
15070 34085 3
15079 11393 3
15082 33900 3
15085 2496 3
15086 8371 3
15090 16117 3
15092 5773 3
15095 727 3
15097 17511 3
15108 21427 3
15109 25943 3
15112 2923 3
15115 23874 3
15118 29146 3
15120 10258 3
15122 3540 3
15126 2471 3
15129 11998 3
15133 12242 3
15134 3278 3
15136 12562 3
15138 7745 3
15143 24699 3
15144 14415 3
15159 5581 3
15161 12614 3
15165 22589 3
15166 9752 3
15171 7268 3
15172 28165 3
15173 13905 3
15176 15213 3
15177 14582 3
15182 4611 3
15187 449 3
15188 17065 3
15189 2210 3
15193 13808 3
15194 24522 3
15196 16728 3
15199 20426 3
15201 31268 3
15206 194 3
15207 1653 3
15208 74 3
15211 10629 3
15213 14020 3
15215 4854 3
15218 33765 3
15219 14819 3
15221 3599 3
15222 4298 3
15224 5946 3
15229 2884 3
15231 24117 3
15233 21804 3
15235 30622 3
15237 3314 3
15240 613 3
15242 25943 3
15245 7401 3
15247 8481 3
15252 24221 3
15253 17065 3
15254 3431 3
15255 9374 3
15256 25260 3
15260 11531 3
15261 6073 3
15263 3690 3
15265 27243 3
15266 34609 3
15270 1269 3
15271 3272 3
15275 1349 3
15277 947 3
15281 27465 3
15284 858 3
15285 8488 3
15287 29912 3
15289 861 3
15291 26514 3
15292 8529 3
15298 10366 3
15299 9558 3
15303 24402 3
15309 1347 3
15312 20415 3
15316 4396 3
15321 11604 3
15327 1607 3
15329 5354 3
15330 28241 3
15331 10785 3
15333 16877 3
15337 8878 3
15339 230 3
15344 18920 3
15349 4497 3
15350 16480 3
15353 13513 3
15354 3754 3
15357 29970 3
15359 21651 3
15361 6021 3
15364 2903 3
15366 19800 3
15367 33185 3
15369 7123 3
15371 1061 3
15373 5414 3
15379 28810 3
15380 2165 3
15384 5344 3
15385 23833 3
15387 4971 3
15392 8051 3
15393 14526 3
15403 26982 3
15404 14463 3
15406 26777 3
15409 29778 3
15412 27274 3
15416 14403 3
15417 13606 3
15420 1029 3
15422 3013 3
15423 3633 3
15425 28326 3
15427 33618 3
15428 13953 3
15430 9783 3
15431 7735 3
15443 11594 3
15444 11493 3
15445 33937 3
15446 4565 3
15447 17600 3
15448 34689 3
15450 14920 3
15451 9187 3
15456 21449 3
15458 3804 3
15460 17609 3
15463 5945 3
15465 14560 3
15467 24961 3
15468 3390 3
15470 5635 3
15471 6469 3
15474 8975 3
15475 13729 3
15478 25230 3
15480 5603 3
15481 15778 3
15482 1948 3
15484 401 3
15487 23583 3
15489 16112 3
15490 23737 3
15493 915 3
15495 28680 3
15499 1949 3
15501 820 3
15502 941 3
15504 108 3
15507 6603 3
15511 10667 3
15515 1872 3
15517 10402 3
15518 2747 3
15519 768 3
15520 10908 3
15526 10438 3
15527 17349 3
15528 1690 3
15529 20269 3
15533 230 3
15534 8543 3
15543 12080 3
15548 14096 3
15549 3963 3
15551 26805 3
15552 35876 3
15555 23995 3
15560 20813 3
15566 1928 3
15569 12236 3
15573 30127 3
15574 28642 3
15579 1247 3
15582 2225 3
15584 7052 3
15586 35446 3
15587 390 3
15589 7825 3
15591 9901 3
15593 20829 3
15594 14899 3
15601 16374 3
15602 21622 3
15606 10297 3
15607 17639 3
15608 11392 3
15610 19850 3
15611 7740 3
15614 6417 3
15615 3556 3
15619 4344 3
15624 8053 3
15628 15062 3
15631 16229 3
15632 3414 3
15633 15787 3
15636 14867 3
15640 4321 3
15643 18002 3
15644 16687 3
15645 12587 3
15648 1653 3
15649 4558 3
15651 1653 3
15654 4756 3
15655 1552 3
15657 29336 3
15658 25135 3
15663 6776 3
15669 28666 3
15678 24974 3
15685 1934 3
15686 30349 3
15689 8005 3
15691 10122 3
15694 32043 3
15695 28164 3
15696 34728 3
15702 3542 3
15705 18034 3
15706 13344 3
15707 8786 3
15710 4563 3
15711 1447 3
15716 30042 3
15729 11244 3
15731 20160 3
15732 4821 3
15735 8451 3
15740 6429 3
15742 16383 3
15746 24852 3
15748 11335 3
15751 4561 3
15753 2327 3
15758 27984 3
15761 1611 3
15762 31809 3
15768 9987 3
15771 20521 3
15772 27488 3
15773 19862 3
15776 6553 3
15777 9328 3
15778 5994 3
15781 1183 3
15782 21450 3
15783 4480 3
15786 2977 3
15789 25603 3
15790 4415 3
15791 14409 3
15794 13605 3
15797 1872 3
15798 14328 3
15804 11998 3
15806 31720 3
15807 16386 3
15816 8045 3
15817 4513 3
15818 26935 3
15819 11422 3
15821 20391 3
15823 793 3
15829 35044 3
15836 26501 3
15842 25407 3
15845 34692 3
15846 34558 3
15848 7872 3
15849 12656 3
15851 3221 3
15853 30073 3
15855 9423 3
15860 22228 3
15863 28364 3
15865 14825 3
15867 16678 3
15869 13141 3
15871 16693 3
15878 26577 3
15884 9832 3
15890 26844 3
15896 10232 3
15904 1341 3
15905 24926 3
15909 20622 3
15923 6931 3
15927 3592 3
15928 640 3
15942 23415 3
15943 2871 3
15944 6212 3
15949 8877 3
15952 30444 3
15953 6136 3
15954 6265 3
15956 15365 3
15958 33714 3
15960 33234 3
15961 8579 3
15962 15365 3
15964 10340 3
15965 10959 3
15966 2366 3
15967 2277 3
15970 30565 3
15975 32802 3
15978 13372 3
15982 238 3
15985 17497 3
15986 15677 3
15987 10188 3
15988 9631 3
15989 8390 3
15991 28960 3
15992 17472 3
15995 30910 3
15997 20173 3
16002 5324 3
16003 12473 3
16008 35249 3
16010 33325 3
16014 16966 3
16018 2241 3
16021 17269 3
16023 8425 3
16025 579 3
16028 12270 3
16032 5779 3
16033 297 3
16034 35518 3
16036 17557 3
16040 21254 3
16041 35489 3
16045 16396 3
16049 8575 3
16051 5985 3
16057 12426 3
16058 25803 3
16060 9056 3
16068 13806 3
16072 26908 3
16075 5336 3
16083 10739 3
16085 34677 3
16087 9964 3
16088 16050 3
16092 934 3
16096 15508 3
16098 4130 3
16102 1567 3
16103 12044 3
16106 27489 3
16107 5689 3
16108 14392 3
16111 11866 3
16113 8132 3
16114 31660 3
16115 26444 3
16116 13336 3
16117 6072 3
16120 18062 3
16121 14813 3
16126 13577 3
16127 1433 3
16129 4594 3
16134 32487 3
16143 25418 3
16144 13634 3
16146 29120 3
16150 22971 3
16154 19837 3
16155 34567 3
16160 3108 3
16164 12512 3
16165 10191 3
16170 26468 3
16175 1193 3
16177 22931 3
16178 2722 3
16181 25544 3
16182 7189 3
16185 5201 3
16186 32160 3
16190 6726 3
16191 15677 3
16194 12087 3
16196 29269 3
16197 5367 3
16201 15802 3
16202 13103 3
16205 14100 3
16206 25057 3
16207 12246 3
16210 152 3
16212 2900 3
16213 24152 3
16214 25458 3
16216 26387 3
16217 7644 3
16219 14561 3
16220 23058 3
16221 4611 3
16222 7625 3
16224 3624 3
16225 24824 3
16226 8139 3
16228 29583 3
16231 18588 3
16237 6415 3
16239 25281 3
16240 28911 3
16245 1193 3
16248 22723 3
16251 31594 3
16258 8138 3
16259 6201 3
16260 915 3
16261 15803 3
16262 13212 3
16264 9248 3
16268 5687 3
16270 14758 3
16271 23809 3
16275 19224 3
16277 21654 3
16279 6502 3
16282 34095 3
16283 29051 3
16287 3123 3
16291 8689 3
16292 9330 3
16293 11208 3
16295 14535 3
16296 26939 3
16299 17643 3
16300 28977 3
16303 19718 3
16304 9343 3
16306 2719 3
16307 28336 3
16308 794 3
16311 2017 3
16312 9190 3
16315 915 3
16316 7187 3
16317 5751 3
16318 21644 3
16321 25852 3
16326 11628 3
16328 24794 3
16330 18208 3
16332 19584 3
16333 14451 3
16335 4611 3
16336 918 3
16340 6660 3
16341 31568 3
16342 26598 3
16343 9718 3
16344 24738 3
16347 5561 3
16348 401 3
16350 16366 3
16351 9778 3
16353 5873 3
16361 23901 3
16363 31045 3
16364 13950 3
16365 5429 3
16370 19539 3
16378 3240 3
16382 6299 3
16384 24024 3
16388 16580 3
16391 10168 3
16393 33648 3
16395 21193 3
16397 35355 3
16399 27043 3
16402 19655 3
16403 34479 3
16405 17453 3
16406 3140 3
16411 30934 3
16412 24944 3
16414 3868 3
16418 4824 3
16419 23145 3
16420 16658 3
16422 14944 3
16425 4948 3
16426 5364 3
16428 3468 3
16429 5418 3
16430 26328 3
16432 2861 3
16434 31339 3
16437 9527 3
16440 21683 3
16442 8621 3
16453 26962 3
16454 17192 3
16457 14506 3
16460 1438 3
16462 3728 3
16464 16033 3
16466 8277 3
16468 24570 3
16469 10683 3
16474 15715 3
16483 10786 3
16484 18340 3
16491 19682 3
16492 26436 3
16498 9670 3
16508 4574 3
16510 24611 3
16513 17776 3
16515 27326 3
16516 12151 3
16521 3754 3
16522 26395 3
16524 10484 3
16528 14413 3
16532 8908 3
16535 32609 3
16536 1088 3
16544 19874 3
16546 542 3
16547 4311 3
16553 11647 3
16554 10339 3
16556 14650 3
16558 6028 3
16562 30788 3
16563 11332 3
16565 30488 3
16567 20860 3
16569 11531 3
16573 23836 3
16576 1567 3
16577 34896 3
16578 4238 3
16581 28397 3
16582 17776 3
16583 23221 3
16585 28907 3
16586 11072 3
16588 30255 3
16594 1948 3
16595 20879 3
16597 9325 3
16599 22451 3
16602 5940 3
16604 3006 3
16606 21221 3
16607 2934 3
16618 11512 3
16621 6066 3
16622 4969 3
16624 8562 3
16627 4525 3
16628 20837 3
16629 4888 3
16633 7038 3
16635 30506 3
16638 3799 3
16640 10034 3
16642 31906 3
16659 14234 3
16660 18869 3
16663 8822 3
16665 9020 3
16672 27670 3
16675 22888 3
16679 14085 3
16680 26681 3
16681 3245 3
16682 32176 3
16684 31433 3
16687 9563 3
16689 19336 3
16690 341 3
16692 13399 3
16693 1307 3
16697 236 3
16699 24435 3
16701 29063 3
16702 237 3
16705 12766 3
16706 30686 3
16716 27512 3
16718 19837 3
16720 12622 3
16725 13330 3
16728 3457 3
16735 15914 3
16741 7000 3
16746 15400 3
16747 14294 3
16749 3210 3
16751 10243 3
16753 7625 3
16765 27262 3
16766 15116 3
16767 32080 3
16768 17222 3
16769 5995 3
16770 3431 3
16771 8060 3
16772 34403 3
16775 4415 3
16782 18032 3
16784 5146 3
16785 35200 3
16786 30757 3
16788 27370 3
16789 2755 3
16794 14469 3
16797 10826 3
16798 26966 3
16799 4161 3
16801 26305 3
16804 30884 3
16809 15770 3
16811 11072 3
16815 5298 3
16816 7507 3
16817 1733 3
16822 11724 3
16823 11459 3
16835 23304 3
16838 5872 3
16841 52 3
16843 25066 3
16844 21491 3
16849 12169 3
16850 22301 3
16852 7848 3
16853 31836 3
16856 19769 3
16858 20621 3
16861 15509 3
16866 2739 3
16867 18377 3
16877 17267 3
16880 4219 3
16882 33852 3
16884 32477 3
16885 32052 3
16886 4743 3
16893 22938 3
16894 2437 3
16902 28144 3
16907 17468 3
16918 17498 3
16919 28456 3
16920 6265 3
16925 8943 3
16926 12998 3
16928 11426 3
16929 15419 3
16931 7203 3
16933 7566 3
16934 10654 3
16937 22842 3
16938 32197 3
16941 22305 3
16946 2348 3
16947 11126 3
16950 18755 3
16953 29106 3
16956 10190 3
16967 7099 3
16968 10523 3
16974 17065 3
16975 12887 3
16976 2305 3
16980 3754 3
16982 7726 3
16986 27453 3
16988 27802 3
16990 8925 3
16991 1513 3
16993 1368 3
16995 10504 3
16997 25171 3
17000 8841 3
17003 18857 3
17005 18811 3
17009 13941 3
17012 20623 3
17019 19476 3
17021 27812 3
17025 2192 3
17026 14100 3
17028 22823 3
17029 16185 3
17030 14279 3
17036 34613 3
17037 3945 3
17040 28359 3
17043 24885 3
17044 24532 3
17052 25695 3
17054 29817 3
17056 19651 3
17057 372 3
17063 4065 3
17068 4922 3
17070 20066 3
17076 18243 3
17078 11689 3
17080 20233 3
17082 31285 3
17083 10501 3
17089 12651 3
17092 6402 3
17099 33782 3
17107 29576 3
17109 29006 3
17110 27350 3
17118 10450 3
17122 10323 3
17125 13422 3
17132 25120 3
17134 33447 3
17135 32365 3
17136 2796 3
17137 12431 3
17143 13490 3
17144 8184 3
17149 4791 3
17150 1370 3
17153 4701 3
17154 33314 3
17155 25673 3
17156 241 3
17158 6152 3
17164 32186 3
17165 30593 3
17166 16206 3
17169 33506 3
17179 25236 3
17187 28998 3
17189 7800 3
17190 3859 3
17199 29730 3
17200 3542 3
17204 10414 3
17206 928 3
17207 8112 3
17208 2426 3
17210 1436 3
17214 804 3
17220 10505 3
17223 6684 3
17230 20765 3
17235 4544 3
17241 25101 3
17245 25888 3
17247 8786 3
17248 29678 3
17249 14889 3
17250 6300 3
17262 4253 3
17266 9155 3
17267 34339 3
17272 14608 3
17274 15121 3
17277 25838 3
17279 16893 3
17281 10808 3
17283 32952 3
17288 7648 3
17289 9032 3
17299 5844 3
17303 30861 3
17306 27160 3
17307 18209 3
17308 3727 3
17312 24068 3
17315 30207 3
17318 28274 3
17322 5575 3
17323 15018 3
17324 35300 3
17332 19987 3
17334 8760 3
17335 12922 3
17337 13312 3
17343 11688 3
17344 32439 3
17345 9354 3
17348 10317 3
17349 33231 3
17350 15089 3
17355 12860 3
17356 34033 3
17361 26689 3
17363 1045 3
17368 31127 3
17372 29235 3
17378 17258 3
17383 4090 3
17394 5871 3
17396 12100 3
17402 34522 3
17407 23273 3
17409 21129 3
17411 26975 3
17420 8300 3
17422 25269 3
17424 22677 3
17425 17964 3
17429 1514 3
